1 1
2 1
3 3
4 2
5 4
6 3
7 2
8 15
9 14
10 5
11 13
12 4
13 12
14 3
15 10
16 11
17 2
18 9
19 10
20 5
21 9
22 18
23 9
24 4
25 9
26 17
27 3
28 8
29 18
30 9
31 16
32 16
33 7
34 2
35 17
36 9
37 15
38 15
39 6
40 6
41 23
42 16
43 9
44 14
45 14
46 14
47 5
48 5
49 22
50 15
51 22
52 9
53 13
54 13
55 13
56 4
57 4
58 23
59 21
60 14
61 21
62 9
63 21
64 12
65 7
66 12
67 3
68 7
69 22
70 3
71 20
72 13
73 20
74 9
75 29
76 20
77 11
78 6
79 11
80 11
81 6
82 6
83 21
84 2
85 19
86 12
87 10
88 19
89 19
90 28
91 19
92 19
93 5
94 10
95 10
96 10
97 5
98 5
99 20
100 20
101 20
102 18
103 11
104 10
105 18
106 18
107 18
108 27
109 18
110 18
111 18
112 4
113 53
114 9
115 9
116 4
117 4
118 26
119 19
120 19
121 19
122 17
123 12
124 10
125 35
126 17
127 17
128 17
129 26
130 17
131 17
132 17
133 17
134 3
135 8
136 52
137 8
138 8
139 3
140 8
141 25
142 25
143 18
144 18
145 18
146 16
147 10
148 11
149 25
150 34
151 16
152 53
153 16
154 16
155 25
156 16
157 16
158 16
159 16
160 16
161 35
162 7
163 51
164 7
165 7
166 26
167 2
168 7
169 24
170 24
171 24
172 17
173 16
174 17
175 15
176 24
177 10
178 13
179 24
180 33
181 15
182 52
183 15
184 15
185 24
186 24
187 15
188 10
189 15
190 19
191 15
192 15
193 34
194 6
195 6
196 50
197 6
198 6
199 25
200 25
201 6
202 6
203 23
204 23
205 23
206 16
207 16
208 15
209 41
210 14
211 23
212 23
213 12
214 10
215 23
216 32
217 14
218 51
219 27
220 14
221 23
222 23
223 23
224 14
225 9
226 18
227 14
228 18
229 14
230 14
231 5
232 33
233 9
234 5
235 49
236 31
237 5
238 77
239 24
240 24
241 5
242 5
243 24
244 22
245 22
246 22
247 15
248 15
249 14
250 31
251 40
252 13
253 22
254 22
255 12
256 11
257 10
258 22
259 31
260 31
261 50
262 22
263 26
264 13
265 22
266 22
267 13
268 22
269 41
270 8
271 17
272 17
273 17
274 13
275 13
276 13
277 4
278 32
279 32
280 8
281 8
282 48
283 30
284 4
285 76
286 23
287 23
288 23
289 4
290 4
291 23
292 23
293 21
294 21
295 21
296 43
297 14
298 14
299 13
300 30
301 39
302 12
303 21
304 21
305 21
306 11
307 10
308 74
309 21
310 30
311 30
312 30
313 49
314 21
315 21
316 25
317 12
318 21
319 21
320 12
321 21
322 7
323 40
324 7
325 16
326 16
327 12
328 16
329 12
330 12
331 12
332 12
333 31
334 3
335 31
336 7
337 7
338 47
339 7
340 29
341 29
342 75
343 22
344 22
345 22
346 22
347 3
348 3
349 22
350 22
351 20
352 20
353 20
354 20
355 42
356 13
357 13
358 16
359 12
360 29
361 38
362 11
363 20
364 20
365 57
366 20
367 10
368 20
369 73
370 20
371 20
372 29
373 29
374 29
375 20
376 48
377 20
378 20
379 24
380 20
381 20
382 20
383 20
384 11
385 20
386 6
387 6
388 39
389 11
390 15
391 15
392 55
393 15
394 11
395 11
396 11
397 11
398 11
399 59
400 30
401 6
402 30
403 6
404 6
405 46
406 6
407 6
408 28
409 28
410 74
411 41
412 21
413 21
414 21
415 21
416 25
417 2
418 20
419 21
420 21
421 19
422 19
423 28
424 19
425 13
426 41
427 12
428 17
429 15
430 16
431 11
432 28
433 37
434 10
435 37
436 19
437 19
438 56
439 19
440 32
441 19
442 37
443 72
444 19
445 19
446 28
447 28
448 28
449 19
450 19
451 47
452 14
453 19
454 19
455 23
456 19
457 19
458 19
459 19
460 19
461 19
462 19
463 5
464 5
465 38
466 14
467 10
468 14
469 14
470 54
471 19
472 14
473 10
474 10
475 10
476 36
477 10
478 36
479 58
480 29
481 5
482 29
483 29
484 5
485 10
486 45
487 5
488 29
489 27
490 27
491 27
492 73
493 40
494 20
495 20
496 20
497 20
498 20
499 24
500 19
501 19
502 36
503 20
504 20
505 18
506 18
507 18
508 27
509 27
510 12
511 40
512 13
513 16
514 11
515 14
516 15
517 10
518 27
519 36
520 36
521 36
522 36
523 18
524 18
525 55
526 55
527 18
528 31
529 18
530 36
531 18
532 71
533 80
534 18
535 27
536 27
537 27
538 27
539 18
540 18
541 46
542 13
543 18
544 18
545 18
546 22
547 18
548 18
549 18
550 18
551 18
552 18
553 18
554 18
555 18
556 4
557 4
558 37
559 13
560 9
561 13
562 9
563 13
564 53
565 18
566 13
567 9
568 9
569 9
570 9
571 35
572 81
573 35
574 9
575 57
576 28
577 4
578 28
579 4
580 28
581 9
582 9
583 44
584 4
585 28
586 26
587 26
588 26
589 26
590 72
591 26
592 39
593 26
594 19
595 19
596 53
597 19
598 19
599 23
600 18
601 18
602 35
603 19
604 19
605 44
606 17
607 17
608 26
609 26
610 26
611 26
612 11
613 39
614 12
615 16
616 15
617 10
618 13
619 14
620 26
621 26
622 26
623 35
624 35
625 35
626 35
627 17
628 17
629 54
630 54
631 54
632 26
633 30
634 17
635 17
636 35
637 17
638 70
639 17
640 79
641 26
642 26
643 26
644 26
645 26
646 12
647 17
648 17
649 45
650 12
651 12
652 17
653 17
654 17
655 21
656 17
657 17
658 21
659 17
660 17
661 17
662 17
663 43
664 17
665 17
666 17
667 3
668 8
669 36
670 36
671 12
672 8
673 12
674 8
675 17
676 12
677 52
678 17
679 12
680 61
681 8
682 34
683 8
684 8
685 34
686 80
687 8
688 34
689 27
690 56
691 27
692 27
693 27
694 3
695 3
696 27
697 8
698 8
699 8
700 43
701 27
702 27
703 25
704 25
705 25
706 25
707 25
708 71
709 25
710 38
711 25
712 25
713 18
714 18
715 52
716 18
717 18
718 18
719 22
720 17
721 17
722 34
723 43
724 18
725 43
726 43
727 16
728 16
729 25
730 34
731 25
732 25
733 25
734 10
735 38
736 38
737 11
738 15
739 14
740 34
741 12
742 78
743 13
744 25
745 25
746 25
747 34
748 34
749 34
750 34
751 34
752 34
753 16
754 16
755 53
756 53
757 53
758 25
759 25
760 29
761 34
762 16
763 34
764 16
765 69
766 25
767 16
768 78
769 25
770 25
771 16
772 25
773 25
774 25
775 11
776 16
777 16
778 44
779 44
780 11
781 11
782 16
783 20
784 16
785 20
786 20
787 16
788 16
789 20
790 20
791 16
792 16
793 16
794 16
795 16
796 42
797 16
798 16
799 16
800 42
801 7
802 7
803 35
804 35
805 11
806 7
807 7
808 11
809 11
810 16
811 11
812 7
813 16
814 51
815 11
816 60
817 7
818 33
819 33
820 7
821 33
822 33
823 79
824 7
825 33
826 26
827 26
828 55
829 26
830 26
831 26
832 26
833 104
834 2
835 26
836 7
837 7
838 7
839 7
840 42
841 26
842 26
843 26
844 24
845 24
846 24
847 24
848 24
849 70
850 24
851 24
852 37
853 24
854 24
855 46
856 17
857 17
858 51
859 17
860 95
861 17
862 17
863 21
864 16
865 16
866 33
867 17
868 42
869 42
870 42
871 42
872 15
873 15
874 15
875 24
876 33
877 24
878 24
879 95
880 24
881 24
882 37
883 37
884 10
885 14
886 24
887 13
888 33
889 11
890 77
891 24
892 12
893 33
894 24
895 24
896 33
897 33
898 33
899 33
900 33
901 33
902 33
903 15
904 15
905 52
906 52
907 52
908 24
909 24
910 28
911 24
912 28
913 33
914 15
915 15
916 33
917 15
918 68
919 24
920 24
921 77
922 24
923 24
924 24
925 15
926 24
927 24
928 24
929 96
930 10
931 15
932 10
933 43
934 15
935 43
936 10
937 10
938 15
939 19
940 19
941 19
942 19
943 19
944 15
945 15
946 15
947 19
948 19
949 15
950 15
951 41
952 15
953 15
954 15
955 41
956 15
957 15
958 50
959 15
960 41
961 6
962 6
963 34
964 34
965 6
966 10
967 6
968 34
969 10
970 10
971 10
972 15
973 10
974 6
975 10
976 15
977 50
978 10
979 59
980 34
981 32
982 59
983 32
984 6
985 32
986 32
987 6
988 78
989 78
990 32
991 25
992 25
993 54
994 25
995 25
996 25
997 25
998 25
999 25
1000 103
1001 25
1002 25
1003 6
1004 6
1005 6
1006 6
1007 6
1008 41
1009 25
1010 25
1011 25
1012 25
1013 23
1014 23
1015 23
1016 23
1017 23
1018 32
1019 69
1020 23
1021 23
1022 36
1023 32
1024 23
1025 45
1026 45
1027 16
1028 18
1029 50
1030 32
1031 16
1032 94
1033 16
1034 16
1035 19
1036 20
1037 15
1038 15
1039 32
1040 32
1041 41
1042 41
1043 41
1044 41
1045 41
1046 14
1047 14
1048 14
1049 32
1050 23
1051 32
1052 23
1053 23
1054 23
1055 94
1056 23
1057 23
1058 36
1059 32
1060 36
1061 32
1062 13
1063 23
1064 12
1065 32
1066 23
1067 10
1068 76
1069 23
1070 11
1071 85
1072 32
1073 23
1074 23
1075 32
1076 32
1077 32
1078 32
1079 32
1080 32
1081 32
1082 32
1083 23
1084 14
1085 23
1086 51
1087 51
1088 18
1089 23
1090 18
1091 23
1092 27
1093 23
1094 27
1095 27
1096 32
1097 14
1098 14
1099 32
1100 14
1101 67
1102 23
1103 23
1104 23
1105 76
1106 23
1107 23
1108 23
1109 14
1110 14
1111 23
1112 14
1113 23
1114 23
1115 95
1116 9
1117 14
1118 9
1119 9
1120 42
1121 42
1122 42
1123 9
1124 9
1125 14
1126 14
1127 18
1128 18
1129 18
1130 18
1131 18
1132 18
1133 23
1134 14
1135 14
1136 18
1137 18
1138 18
1139 14
1140 14
1141 40
1142 14
1143 14
1144 14
1145 14
1146 40
1147 14
1148 14
1149 49
1150 14
1151 14
1152 40
1153 5
1154 5
1155 62
1156 33
1157 33
1158 5
1159 9
1160 9
1161 33
1162 33
1163 9
1164 9
1165 9
1166 14
1167 5
1168 9
1169 9
1170 9
1171 14
1172 49
1173 9
1174 49
1175 58
1176 33
1177 31
1178 58
1179 31
1180 31
1181 5
1182 31
1183 31
1184 5
1185 77
1186 40
1187 77
1188 31
1189 24
1190 24
1191 31
1192 53
1193 53
1194 24
1195 24
1196 24
1197 24
1198 24
1199 24
1200 102
1201 24
1202 24
1203 5
1204 5
1205 23
1206 5
1207 5
1208 23
1209 40
1210 49
1211 24
1212 24
1213 24
1214 24
1215 49
1216 22
1217 22
1218 22
1219 22
1220 22
1221 31
1222 40
1223 68
1224 22
1225 22
1226 35
1227 22
1228 31
1229 16
1230 44
1231 44
1232 44
1233 17
1234 15
1235 49
1236 31
1237 15
1238 93
1239 15
1240 15
1241 18
1242 18
1243 19
1244 14
1245 14
1246 14
1247 31
1248 31
1249 40
1250 40
1251 40
1252 40
1253 40
1254 40
1255 13
1256 13
1257 13
1258 40
1259 31
1260 22
1261 31
1262 22
1263 59
1264 22
1265 61
1266 93
1267 22
1268 59
1269 35
1270 22
1271 31
1272 35
1273 31
1274 12
1275 22
1276 22
1277 11
1278 31
1279 22
1280 22
1281 75
1282 75
1283 22
1284 10
1285 84
1286 31
1287 22
1288 22
1289 31
1290 31
1291 31
1292 31
1293 31
1294 31
1295 31
1296 31
1297 31
1298 31
1299 22
1300 22
1301 22
1302 22
1303 50
1304 50
1305 17
1306 22
1307 22
1308 17
1309 22
1310 26
1311 26
1312 22
1313 26
1314 26
1315 31
1316 26
1317 13
1318 22
1319 31
1320 13
1321 66
1322 22
1323 50
1324 22
1325 22
1326 75
1327 22
1328 22
1329 22
1330 22
1331 13
1332 13
1333 22
1334 13
1335 22
1336 22
1337 22
1338 94
1339 8
1340 22
1341 8
1342 13
1343 8
1344 41
1345 41
1346 41
1347 8
1348 8
1349 13
1350 13
1351 13
1352 13
1353 17
1354 17
1355 17
1356 17
1357 17
1358 17
1359 57
1360 22
1361 40
1362 13
1363 17
1364 17
1365 17
1366 13
1367 13
1368 13
1369 39
1370 13
1371 13
1372 13
1373 13
1374 13
1375 39
1376 39
1377 13
1378 13
1379 48
1380 13
1381 13
1382 39
1383 48
1384 4
1385 61
1386 61
1387 32
1388 32
1389 4
1390 32
1391 8
1392 8
1393 32
1394 32
1395 32
1396 8
1397 8
1398 8
1399 13
1400 13
1401 8
1402 31
1403 8
1404 8
1405 13
1406 48
1407 48
1408 8
1409 32
1410 57
1411 32
1412 8
1413 57
1414 30
1415 30
1416 30
1417 4
1418 30
1419 30
1420 30
1421 48
1422 76
1423 39
1424 76
1425 30
1426 43
1427 23
1428 23
1429 30
1430 52
1431 23
1432 52
1433 23
1434 23
1435 23
1436 57
1437 23
1438 23
1439 23
1440 101
1441 23
1442 23
1443 26
1444 4
1445 4
1446 22
1447 4
1448 4
1449 22
1450 39
1451 39
1452 48
1453 23
1454 23
1455 23
1456 23
1457 23
1458 48
1459 21
1460 21
1461 21
1462 21
1463 21
1464 21
1465 30
1466 39
1467 21
1468 67
1469 30
1470 21
1471 34
1472 101
1473 30
1474 21
1475 15
1476 43
1477 43
1478 43
1479 16
1480 16
1481 14
1482 48
1483 30
1484 14
1485 92
1486 39
1487 14
1488 14
1489 17
1490 17
1491 18
1492 18
1493 39
1494 13
1495 13
1496 13
1497 30
1498 30
1499 39
1500 39
1501 39
1502 39
1503 39
1504 39
1505 12
1506 12
1507 12
1508 39
1509 39
1510 39
1511 30
1512 21
1513 30
1514 21
1515 21
1516 58
1517 21
1518 60
1519 92
1520 58
1521 58
1522 30
1523 34
1524 21
1525 30
1526 34
1527 11
1528 30
1529 39
1530 21
1531 21
1532 83
1533 30
1534 10
1535 21
1536 21
1537 74
1538 74
1539 21
1540 21
1541 30
1542 83
1543 30
1544 21
1545 21
1546 30
1547 30
1548 30
1549 30
1550 30
1551 21
1552 30
1553 30
1554 30
1555 30
1556 30
1557 30
1558 30
1559 21
1560 21
1561 21
1562 21
1563 21
1564 49
1565 49
1566 16
1567 21
1568 16
1569 16
1570 21
1571 21
1572 25
1573 25
1574 21
1575 52
1576 25
1577 25
1578 30
1579 25
1580 21
1581 21
1582 21
1583 30
1584 12
1585 65
1586 21
1587 21
1588 49
1589 21
1590 21
1591 74
1592 146
1593 21
1594 21
1595 21
1596 21
1597 12
1598 12
1599 21
1600 21
1601 65
1602 21
1603 21
1604 21
1605 93
1606 7
1607 7
1608 21
1609 7
1610 12
1611 7
1612 7
1613 40
1614 40
1615 40
1616 16
1617 7
1618 16
1619 12
1620 12
1621 12
1622 12
1623 16
1624 16
1625 43
1626 16
1627 16
1628 16
1629 16
1630 56
1631 56
1632 21
1633 39
1634 12
1635 21
1636 16
1637 16
1638 16
1639 12
1640 65
1641 12
1642 12
1643 38
1644 12
1645 12
1646 12
1647 12
1648 12
1649 38
1650 38
1651 38
1652 38
1653 12
1654 12
1655 47
1656 12
1657 12
1658 38
1659 12
1660 47
1661 31
1662 60
1663 60
1664 31
1665 31
1666 31
1667 3
1668 31
1669 7
1670 7
1671 31
1672 31
1673 31
1674 31
1675 7
1676 31
1677 7
1678 34
1679 12
1680 12
1681 7
1682 30
1683 12
1684 7
1685 30
1686 12
1687 47
1688 56
1689 7
1690 31
1691 31
1692 56
1693 31
1694 7
1695 7
1696 56
1697 29
1698 29
1699 29
1700 29
1701 29
1702 56
1703 29
1704 29
1705 47
1706 75
1707 75
1708 38
1709 29
1710 29
1711 42
1712 42
1713 22
1714 22
1715 29
1716 51
1717 22
1718 51
1719 51
1720 22
1721 24
1722 22
1723 56
1724 22
1725 22
1726 27
1727 22
1728 100
1729 22
1730 22
1731 26
1732 25
1733 26
1734 3
1735 21
1736 21
1737 3
1738 38
1739 21
1740 38
1741 38
1742 47
1743 47
1744 22
1745 22
1746 22
1747 22
1748 22
1749 47
1750 47
1751 20
1752 20
1753 20
1754 20
1755 20
1756 20
1757 20
1758 29
1759 38
1760 20
1761 66
1762 29
1763 29
1764 20
1765 33
1766 100
1767 20
1768 29
1769 14
1770 14
1771 42
1772 29
1773 42
1774 42
1775 15
1776 15
1777 13
1778 47
1779 19
1780 29
1781 18
1782 91
1783 38
1784 13
1785 13
1786 16
1787 16
1788 16
1789 17
1790 17
1791 17
1792 38
1793 29
1794 12
1795 12
1796 29
1797 29
1798 29
1799 38
1800 38
1801 38
1802 38
1803 38
1804 38
1805 38
1806 11
1807 11
1808 38
1809 38
1810 38
1811 38
1812 38
1813 29
1814 20
1815 29
1816 29
1817 20
1818 20
1819 57
1820 20
1821 59
1822 57
1823 91
1824 57
1825 57
1826 29
1827 20
1828 33
1829 20
1830 29
1831 33
1832 33
1833 29
1834 10
1835 38
1836 20
1837 20
1838 82
1839 38
1840 29
1841 20
1842 20
1843 20
1844 73
1845 73
1846 29
1847 20
1848 20
1849 29
1850 82
1851 82
1852 29
1853 20
1854 20
1855 29
1856 29
1857 29
1858 55
1859 29
1860 29
1861 20
1862 29
1863 29
1864 29
1865 29
1866 29
1867 29
1868 15
1869 29
1870 20
1871 20
1872 20
1873 20
1874 20
1875 48
1876 20
1877 48
1878 48
1879 15
1880 15
1881 15
1882 15
1883 15
1884 20
1885 20
1886 24
1887 20
1888 24
1889 20
1890 51
1891 24
1892 20
1893 29
1894 24
1895 24
1896 20
1897 20
1898 20
1899 47
1900 29
1901 20
1902 64
1903 20
1904 20
1905 48
1906 20
1907 20
1908 20
1909 73
1910 145
1911 46
1912 20
1913 20
1914 20
1915 20
1916 20
1917 11
1918 46
1919 20
1920 20
1921 64
1922 20
1923 92
1924 20
1925 20
1926 92
1927 6
1928 46
1929 20
1930 55
1931 6
1932 11
1933 6
1934 6
1935 39
1936 39
1937 39
1938 39
1939 15
1940 41
1941 15
1942 15
1943 11
1944 11
1945 11
1946 11
1947 15
1948 15
1949 11
1950 42
1951 15
1952 15
1953 15
1954 15
1955 15
1956 55
1957 55
1958 20
1959 15
1960 38
1961 20
1962 20
1963 15
1964 15
1965 15
1966 64
1967 11
1968 64
1969 11
1970 11
1971 37
1972 37
1973 37
1974 11
1975 11
1976 11
1977 11
1978 11
1979 37
1980 37
1981 37
1982 37
1983 83
1984 11
1985 83
1986 46
1987 11
1988 11
1989 37
1990 50
1991 11
1992 46
1993 30
1994 59
1995 59
1996 59
1997 30
1998 30
1999 30
2000 30
2001 30
2002 32
2003 6
2004 6
2005 30
2006 30
2007 30
2008 30
2009 30
2010 6
2011 30
2012 30
2013 33
2014 6
2015 11
2016 11
2017 6
2018 29
2019 11
2020 11
2021 29
2022 29
2023 11
2024 46
2025 55
2026 6
2027 6
2028 30
2029 30
2030 55
2031 30
2032 30
2033 55
2034 6
2035 55
2036 55
2037 28
2038 28
2039 28
2040 28
2041 28
2042 55
2043 28
2044 28
2045 28
2046 46
2047 74
2048 74
2049 37
2050 37
2051 28
2052 28
2053 41
2054 41
2055 37
2056 21
2057 21
2058 28
2059 50
2060 37
2061 50
2062 21
2063 50
2064 21
2065 23
2066 21
2067 21
2068 55
2069 37
2070 21
2071 26
2072 26
2073 99
2074 21
2075 21
2076 21
2077 25
2078 24
2079 25
2080 25
2081 20
2082 20
2083 20
2084 2
2085 37
2086 20
2087 20
2088 37
2089 37
2090 46
2091 46
2092 46
2093 21
2094 21
2095 21
2096 46
2097 21
2098 21
2099 46
2100 46
2101 19
2102 19
2103 19
2104 19
2105 19
2106 19
2107 19
2108 37
2109 28
2110 28
2111 37
2112 19
2113 65
2114 28
2115 28
2116 28
2117 19
2118 32
2119 99
2120 28
2121 28
2122 32
2123 13
2124 13
2125 41
2126 28
2127 41
2128 41
2129 41
2130 14
2131 14
2132 37
2133 46
2134 12
2135 18
2136 28
2137 17
2138 90
2139 12
2140 37
2141 28
2142 12
2143 15
2144 15
2145 15
2146 81
2147 16
2148 16
2149 16
2150 37
2151 28
2152 28
2153 11
2154 11
2155 28
2156 28
2157 28
2158 28
2159 37
2160 37
2161 37
2162 37
2163 63
2164 37
2165 37
2166 37
2167 10
2168 37
2169 37
2170 37
2171 37
2172 37
2173 37
2174 37
2175 28
2176 28
2177 19
2178 28
2179 28
2180 19
2181 19
2182 81
2183 56
2184 19
2185 58
2186 56
2187 56
2188 90
2189 56
2190 56
2191 28
2192 28
2193 32
2194 19
2195 19
2196 28
2197 32
2198 32
2199 19
2200 28
2201 37
2202 37
2203 19
2204 19
2205 81
2206 37
2207 37
2208 28
2209 19
2210 19
2211 19
2212 19
2213 72
2214 72
2215 28
2216 28
2217 19
2218 28
2219 28
2220 81
2221 81
2222 28
2223 28
2224 19
2225 28
2226 28
2227 28
2228 28
2229 54
2230 19
2231 28
2232 28
2233 19
2234 28
2235 28
2236 28
2237 28
2238 28
2239 28
2240 100
2241 14
2242 14
2243 28
2244 19
2245 19
2246 19
2247 19
2248 19
2249 47
2250 47
2251 19
2252 72
2253 47
2254 47
2255 14
2256 14
2257 14
2258 14
2259 14
2260 14
2261 19
2262 19
2263 23
2264 19
2265 23
2266 23
2267 19
2268 50
2269 23
2270 19
2271 23
2272 28
2273 23
2274 23
2275 19
2276 19
2277 19
2278 23
2279 46
2280 28
2281 19
2282 63
2283 23
2284 19
2285 23
2286 47
2287 19
2288 19
2289 19
2290 19
2291 72
2292 144
2293 45
2294 19
2295 19
2296 19
2297 19
2298 19
2299 19
2300 19
2301 45
2302 45
2303 19
2304 19
2305 63
2306 19
2307 19
2308 91
2309 54
2310 19
2311 91
2312 19
2313 45
2314 5
2315 19
2316 54
2317 5
2318 10
2319 67
2320 5
2321 67
2322 38
2323 38
2324 38
2325 38
2326 10
2327 14
2328 40
2329 14
2330 14
2331 10
2332 10
2333 14
2334 10
2335 10
2336 14
2337 14
2338 14
2339 10
2340 41
2341 14
2342 14
2343 19
2344 14
2345 14
2346 14
2347 54
2348 54
2349 19
2350 54
2351 14
2352 37
2353 19
2354 19
2355 63
2356 14
2357 14
2358 14
2359 63
2360 63
2361 63
2362 10
2363 10
2364 10
2365 36
2366 36
2367 10
2368 36
2369 36
2370 10
2371 10
2372 10
2373 10
2374 10
2375 36
2376 36
2377 36
2378 36
2379 54
2380 82
2381 82
2382 82
2383 45
2384 10
2385 10
2386 36
2387 36
2388 49
2389 10
2390 45
2391 29
2392 29
2393 36
2394 58
2395 58
2396 29
2397 29
2398 29
2399 29
2400 29
2401 29
2402 31
2403 5
2404 5
2405 29
2406 29
2407 29
2408 5
2409 29
2410 107
2411 29
2412 5
2413 29
2414 29
2415 29
2416 32
2417 5
2418 10
2419 10
2420 10
2421 28
2422 10
2423 10
2424 10
2425 28
2426 28
2427 45
2428 10
2429 45
2430 54
2431 5
2432 54
2433 29
2434 5
2435 29
2436 54
2437 29
2438 29
2439 27
2440 54
2441 54
2442 54
2443 54
2444 27
2445 27
2446 27
2447 27
2448 27
2449 27
2450 54
2451 27
2452 27
2453 27
2454 27
2455 45
2456 73
2457 73
2458 27
2459 36
2460 36
2461 27
2462 27
2463 40
2464 40
2465 36
2466 36
2467 20
2468 27
2469 27
2470 27
2471 49
2472 36
2473 49
2474 20
2475 20
2476 49
2477 20
2478 22
2479 20
2480 20
2481 54
2482 54
2483 36
2484 20
2485 25
2486 25
2487 20
2488 98
2489 20
2490 20
2491 20
2492 23
2493 23
2494 24
2495 24
2496 24
2497 19
2498 19
2499 45
2500 19
2501 45
2502 36
2503 19
2504 19
2505 36
2506 36
2507 36
2508 45
2509 45
2510 45
2511 45
2512 20
2513 45
2514 20
2515 45
2516 45
2517 20
2518 45
2519 45
2520 45
2521 18
2522 18
2523 45
2524 18
2525 45
2526 18
2527 18
2528 45
2529 36
2530 36
2531 27
2532 27
2533 36
2534 18
2535 27
2536 64
2537 27
2538 27
2539 27
2540 27
2541 31
2542 66
2543 98
2544 27
2545 27
2546 31
2547 12
2548 12
2549 27
2550 40
2551 27
2552 40
2553 40
2554 40
2555 40
2556 13
2557 13
2558 36
2559 17
2560 45
2561 142
2562 17
2563 27
2564 16
2565 89
2566 16
2567 11
2568 36
2569 27
2570 11
2571 27
2572 14
2573 40
2574 14
2575 80
2576 64
2577 15
2578 27
2579 15
2580 36
2581 27
2582 27
2583 36
2584 10
2585 27
2586 27
2587 27
2588 36
2589 27
2590 36
2591 36
2592 36
2593 36
2594 36
2595 36
2596 62
2597 36
2598 36
2599 36
2600 36
2601 36
2602 36
2603 36
2604 36
2605 36
2606 36
2607 36
2608 36
2609 36
2610 27
2611 27
2612 18
2613 27
2614 18
2615 27
2616 18
2617 18
2618 80
2619 55
2620 55
2621 55
2622 57
2623 55
2624 55
2625 89
2626 27
2627 55
2628 55
2629 27
2630 27
2631 27
2632 31
2633 27
2634 18
2635 27
2636 27
2637 31
2638 31
2639 18
2640 27
2641 36
2642 36
2643 18
2644 18
2645 18
2646 80
2647 36
2648 36
2649 27
2650 36
2651 18
2652 18
2653 18
2654 18
2655 27
2656 71
2657 71
2658 27
2659 27
2660 27
2661 27
2662 18
2663 27
2664 80
2665 80
2666 27
2667 18
2668 27
2669 27
2670 27
2671 27
2672 27
2673 27
2674 27
2675 53
2676 18
2677 27
2678 27
2679 106
2680 18
2681 27
2682 27
2683 27
2684 27
2685 27
2686 27
2687 27
2688 99
2689 13
2690 13
2691 13
2692 27
2693 18
2694 18
2695 18
2696 18
2697 18
2698 18
2699 46
2700 46
2701 18
2702 71
2703 46
2704 46
2705 46
2706 13
2707 13
2708 22
2709 13
2710 22
2711 13
2712 13
2713 18
2714 18
2715 18
2716 22
2717 18
2718 22
2719 22
2720 18
2721 49
2722 22
2723 22
2724 18
2725 22
2726 27
2727 22
2728 22
2729 18
2730 18
2731 18
2732 27
2733 22
2734 18
2735 45
2736 27
2737 18
2738 62
2739 22
2740 22
2741 22
2742 22
2743 46
2744 18
2745 18
2746 18
2747 18
2748 18
2749 71
2750 143
2751 44
2752 44
2753 18
2754 18
2755 18
2756 18
2757 18
2758 18
2759 18
2760 18
2761 44
2762 44
2763 44
2764 18
2765 18
2766 62
2767 18
2768 90
2769 90
2770 18
2771 53
2772 18
2773 90
2774 18
2775 18
2776 44
2777 4
2778 18
2779 53
2780 9
2781 9
2782 9
2783 66
2784 4
2785 66
2786 37
2787 37
2788 37
2789 37
2790 37
2791 9
2792 9
2793 39
2794 13
2795 13
2796 13
2797 9
2798 9
2799 37
2800 13
2801 115
2802 9
2803 13
2804 13
2805 13
2806 9
2807 9
2808 40
2809 13
2810 13
2811 18
2812 18
2813 18
2814 13
2815 13
2816 36
2817 53
2818 9
2819 18
2820 53
2821 13
2822 36
2823 18
2824 18
2825 53
2826 62
2827 13
2828 62
2829 13
2830 13
2831 62
2832 62
2833 62
2834 9
2835 37
2836 9
2837 9
2838 35
2839 35
2840 62
2841 35
2842 35
2843 35
2844 9
2845 9
2846 9
2847 9
2848 9
2849 35
2850 35
2851 35
2852 35
2853 35
2854 35
2855 53
2856 81
2857 81
2858 81
2859 9
2860 44
2861 81
2862 9
2863 35
2864 35
2865 48
2866 28
2867 9
2868 44
2869 28
2870 28
2871 28
2872 35
2873 57
2874 57
2875 28
2876 57
2877 28
2878 28
2879 28
2880 28
2881 28
2882 30
2883 28
2884 4
2885 28
2886 28
2887 28
2888 28
2889 4
2890 33
2891 28
2892 106
2893 28
2894 4
2895 4
2896 28
2897 28
2898 28
2899 31
2900 31
2901 9
2902 31
2903 9
2904 9
2905 27
2906 9
2907 9
2908 9
2909 9
2910 27
2911 27
2912 9
2913 9
2914 44
2915 44
2916 53
2917 4
2918 53
2919 28
2920 28
2921 28
2922 28
2923 53
2924 28
2925 28
2926 28
2927 26
2928 53
2929 53
2930 53
2931 26
2932 53
2933 26
2934 26
2935 26
2936 53
2937 26
2938 39
2939 26
2940 53
2941 26
2942 26
2943 35
2944 26
2945 26
2946 44
2947 72
2948 72
2949 26
2950 26
2951 35
2952 35
2953 26
2954 26
2955 39
2956 39
2957 39
2958 35
2959 35
2960 35
2961 26
2962 26
2963 26
2964 26
2965 48
2966 35
2967 19
2968 48
2969 48
2970 19
2971 48
2972 21
2973 21
2974 19
2975 19
2976 19
2977 53
2978 53
2979 35
2980 35
2981 19
2982 24
2983 24
2984 19
2985 97
2986 44
2987 19
2988 19
2989 19
2990 22
2991 19
2992 22
2993 22
2994 23
2995 23
2996 23
2997 18
2998 18
2999 44
3000 18
3001 44
3002 35
3003 18
3004 18
3005 35
3006 35
3007 35
3008 35
3009 44
3010 19
3011 44
3012 44
3013 44
3014 19
3015 35
3016 44
3017 19
3018 44
3019 44
3020 44
3021 44
3022 44
3023 44
3024 44
3025 17
3026 17
3027 17
3028 44
3029 17
3030 44
3031 17
3032 30
3033 44
3034 17
3035 35
3036 35
3037 26
3038 26
3039 35
3040 35
3041 26
3042 26
3043 63
3044 26
3045 26
3046 63
3047 26
3048 26
3049 30
3050 65
3051 63
3052 97
3053 26
3054 26
3055 30
3056 11
3057 11
3058 26
3059 26
3060 39
3061 26
3062 39
3063 39
3064 39
3065 35
3066 39
3067 12
3068 12
3069 35
3070 12
3071 16
3072 44
3073 141
3074 16
3075 26
3076 26
3077 15
3078 88
3079 15
3080 39
3081 35
3082 35
3083 26
3084 10
3085 26
3086 13
3087 13
3088 39
3089 79
3090 79
3091 63
3092 35
3093 26
3094 14
3095 14
3096 35
3097 26
3098 26
3099 35
3100 35
3101 61
3102 26
3103 26
3104 26
3105 35
3106 26
3107 26
3108 35
3109 35
3110 35
3111 26
3112 35
3113 35
3114 35
3115 61
3116 35
3117 35
3118 35
3119 35
3120 35
3121 35
3122 35
3123 35
3124 35
3125 107
3126 35
3127 35
3128 35
3129 35
3130 35
3131 35
3132 26
3133 26
3134 17
3135 17
3136 26
3137 17
3138 26
3139 17
3140 54
3141 79
3142 54
3143 54
3144 54
3145 54
3146 56
3147 54
3148 54
3149 21
3150 88
3151 26
3152 26
3153 54
3154 54
3155 26
3156 26
3157 26
3158 30
3159 26
3160 26
3161 30
3162 26
3163 26
3164 30
3165 30
3166 30
3167 17
3168 26
3169 35
3170 35
3171 132
3172 17
3173 26
3174 17
3175 79
3176 26
3177 35
3178 26
3179 26
3180 35
3181 17
3182 17
3183 17
3184 17
3185 70
3186 26
3187 70
3188 26
3189 26
3190 54
3191 26
3192 26
3193 26
3194 17
3195 17
3196 26
3197 79
3198 79
3199 26
3200 52
3201 26
3202 52
3203 26
3204 26
3205 26
3206 26
3207 26
3208 26
3209 17
3210 52
3211 17
3212 17
3213 26
3214 26
3215 105
3216 17
3217 26
3218 26
3219 26
3220 26
3221 26
3222 26
3223 26
3224 26
3225 98
3226 98
3227 12
3228 12
3229 12
3230 26
3231 17
3232 17
3233 12
3234 17
3235 17
3236 74
3237 17
3238 12
3239 45
3240 45
3241 17
3242 70
3243 45
3244 45
3245 45
3246 45
3247 12
3248 12
3249 21
3250 21
3251 12
3252 21
3253 12
3254 12
3255 17
3256 17
3257 17
3258 17
3259 21
3260 21
3261 21
3262 21
3263 21
3264 17
3265 48
3266 21
3267 17
3268 21
3269 26
3270 21
3271 26
3272 21
3273 21
3274 21
3275 17
3276 17
3277 17
3278 26
3279 21
3280 21
3281 17
3282 44
3283 26
3284 17
3285 61
3286 70
3287 21
3288 21
3289 21
3290 21
3291 21
3292 45
3293 70
3294 17
3295 17
3296 17
3297 17
3298 17
3299 70
3300 142
3301 43
3302 43
3303 17
3304 17
3305 17
3306 17
3307 17
3308 17
3309 17
3310 56
3311 17
3312 17
3313 43
3314 43
3315 43
3316 43
3317 17
3318 17
3319 61
3320 17
3321 89
3322 52
3323 89
3324 17
3325 52
3326 17
3327 17
3328 89
3329 17
3330 17
3331 43
3332 43
3333 17
3334 3
3335 52
3336 8
3337 8
3338 8
3339 8
3340 65
3341 65
3342 65
3343 36
3344 36
3345 36
3346 36
3347 36
3348 36
3349 8
3350 8
3351 36
3352 38
3353 12
3354 12
3355 12
3356 8
3357 8
3358 36
3359 36
3360 12
3361 114
3362 8
3363 36
3364 12
3365 12
3366 12
3367 8
3368 36
3369 39
3370 12
3371 12
3372 12
3373 17
3374 17
3375 17
3376 17
3377 12
3378 12
3379 35
3380 8
3381 8
3382 17
3383 17
3384 52
3385 12
3386 35
3387 17
3388 17
3389 52
3390 52
3391 61
3392 52
3393 61
3394 12
3395 12
3396 12
3397 61
3398 61
3399 61
3400 61
3401 36
3402 36
3403 8
3404 8
3405 34
3406 34
3407 34
3408 61
3409 34
3410 34
3411 34
3412 34
3413 34
3414 8
3415 8
3416 8
3417 8
3418 34
3419 34
3420 34
3421 34
3422 34
3423 34
3424 34
3425 34
3426 52
3427 80
3428 43
3429 80
3430 43
3431 8
3432 43
3433 80
3434 8
3435 34
3436 34
3437 34
3438 47
3439 27
3440 27
3441 43
3442 27
3443 27
3444 27
3445 27
3446 34
3447 56
3448 56
3449 27
3450 27
3451 56
3452 56
3453 27
3454 27
3455 27
3456 27
3457 27
3458 29
3459 27
3460 27
3461 27
3462 27
3463 27
3464 27
3465 27
3466 27
3467 3
3468 32
3469 27
3470 105
3471 105
3472 27
3473 27
3474 3
3475 27
3476 27
3477 27
3478 31
3479 30
3480 30
3481 8
3482 30
3483 31
3484 8
3485 26
3486 26
3487 8
3488 26
3489 8
3490 52
3491 8
3492 26
3493 26
3494 8
3495 8
3496 8
3497 43
3498 43
3499 52
3500 52
3501 52
3502 52
3503 27
3504 27
3505 27
3506 27
3507 27
3508 52
3509 27
3510 27
3511 27
3512 27
3513 52
3514 25
3515 52
3516 52
3517 25
3518 52
3519 25
3520 25
3521 25
3522 25
3523 52
3524 25
3525 38
3526 25
3527 25
3528 52
3529 25
3530 25
3531 25
3532 34
3533 78
3534 25
3535 43
3536 25
3537 71
3538 71
3539 25
3540 25
3541 34
3542 34
3543 34
3544 25
3545 25
3546 38
3547 38
3548 38
3549 34
3550 25
3551 34
3552 34
3553 25
3554 25
3555 43
3556 25
3557 25
3558 47
3559 34
3560 34
3561 47
3562 47
3563 47
3564 18
3565 47
3566 20
3567 18
3568 20
3569 43
3570 18
3571 18
3572 52
3573 52
3574 52
3575 34
3576 34
3577 18
3578 23
3579 18
3580 23
3581 96
3582 96
3583 43
3584 18
3585 18
3586 18
3587 18
3588 21
3589 18
3590 21
3591 87
3592 21
3593 21
3594 22
3595 22
3596 22
3597 17
3598 17
3599 43
3600 17
3601 43
3602 34
3603 17
3604 17
3605 17
3606 34
3607 34
3608 34
3609 34
3610 34
3611 43
3612 18
3613 43
3614 43
3615 43
3616 43
3617 18
3618 34
3619 43
3620 43
3621 43
3622 69
3623 43
3624 43
3625 43
3626 43
3627 43
3628 43
3629 43
3630 16
3631 16
3632 43
3633 43
3634 16
3635 16
3636 43
3637 16
3638 29
3639 16
3640 43
3641 34
3642 34
3643 34
3644 25
3645 25
3646 34
3647 34
3648 34
3649 25
3650 25
3651 25
3652 62
3653 25
3654 25
3655 62
3656 25
3657 25
3658 25
3659 29
3660 64
3661 62
3662 96
3663 96
3664 25
3665 25
3666 29
3667 10
3668 62
3669 25
3670 25
3671 25
3672 38
3673 25
3674 38
3675 25
3676 38
3677 38
3678 34
3679 38
3680 38
3681 11
3682 38
3683 34
3684 11
3685 15
3686 43
3687 15
3688 140
3689 25
3690 25
3691 25
3692 87
3693 87
3694 14
3695 14
3696 38
3697 34
3698 34
3699 25
3700 25
3701 25
3702 25
3703 12
3704 12
3705 38
3706 78
3707 78
3708 78
3709 62
3710 34
3711 25
3712 25
3713 13
3714 13
3715 34
3716 34
3717 25
3718 87
3719 34
3720 34
3721 60
3722 25
3723 25
3724 25
3725 25
3726 34
3727 25
3728 34
3729 34
3730 34
3731 34
3732 34
3733 25
3734 34
3735 34
3736 34
3737 34
3738 60
3739 34
3740 25
3741 34
3742 34
3743 34
3744 34
3745 34
3746 34
3747 34
3748 34
3749 106
3750 106
3751 34
3752 106
3753 34
3754 34
3755 34
3756 34
3757 34
3758 25
3759 25
3760 25
3761 25
3762 16
3763 25
3764 16
3765 25
3766 53
3767 16
3768 53
3769 78
3770 53
3771 53
3772 53
3773 53
3774 53
3775 55
3776 20
3777 53
3778 20
3779 20
3780 87
3781 25
3782 25
3783 20
3784 53
3785 25
3786 25
3787 25
3788 25
3789 29
3790 29
3791 25
3792 25
3793 29
3794 25
3795 25
3796 25
3797 29
3798 29
3799 29
3800 29
3801 25
3802 29
3803 34
3804 34
3805 131
3806 16
3807 16
3808 25
3809 25
3810 78
3811 25
3812 16
3813 25
3814 34
3815 25
3816 34
3817 16
3818 16
3819 25
3820 16
3821 69
3822 69
3823 25
3824 69
3825 25
3826 29
3827 25
3828 53
3829 25
3830 25
3831 25
3832 25
3833 25
3834 16
3835 25
3836 78
3837 78
3838 150
3839 25
3840 51
3841 25
3842 51
3843 25
3844 25
3845 25
3846 25
3847 25
3848 25
3849 25
3850 16
3851 16
3852 51
3853 16
3854 16
3855 51
3856 25
3857 25
3858 104
3859 16
3860 69
3861 25
3862 25
3863 25
3864 25
3865 25
3866 25
3867 25
3868 25
3869 97
3870 97
3871 97
3872 25
3873 11
3874 11
3875 11
3876 25
3877 16
3878 16
3879 11
3880 11
3881 11
3882 16
3883 73
3884 16
3885 11
3886 73
3887 44
3888 44
3889 16
3890 69
3891 44
3892 44
3893 44
3894 44
3895 44
3896 46
3897 11
3898 11
3899 20
3900 20
3901 11
3902 20
3903 11
3904 11
3905 16
3906 16
3907 16
3908 16
3909 16
3910 16
3911 20
3912 20
3913 20
3914 20
3915 20
3916 20
3917 16
3918 47
3919 20
3920 20
3921 20
3922 20
3923 25
3924 20
3925 25
3926 20
3927 20
3928 20
3929 60
3930 16
3931 16
3932 69
3933 25
3934 16
3935 20
3936 20
3937 16
3938 43
3939 16
3940 25
3941 25
3942 60
3943 69
3944 20
3945 20
3946 20
3947 20
3948 20
3949 20
3950 44
3951 16
3952 69
3953 16
3954 16
3955 16
3956 16
3957 16
3958 16
3959 69
3960 141
3961 42
3962 42
3963 16
3964 16
3965 42
3966 16
3967 16
3968 16
3969 16
3970 16
3971 16
3972 55
3973 16
3974 16
3975 16
3976 42
3977 42
3978 42
3979 42
3980 42
3981 16
3982 42
3983 60
3984 16
3985 88
3986 51
3987 16
3988 88
3989 51
3990 51
3991 16
3992 16
3993 88
3994 16
3995 16
3996 16
3997 42
3998 42
3999 51
4000 16
4001 35
4002 51
4003 7
4004 7
4005 7
4006 7
4007 7
4008 64
4009 64
4010 64
4011 35
4012 35
4013 64
4014 35
4015 35
4016 60
4017 35
4018 35
4019 7
4020 7
4021 35
4022 37
4023 35
4024 11
4025 69
4026 11
4027 7
4028 35
4029 35
4030 35
4031 35
4032 11
4033 113
4034 7
4035 113
4036 35
4037 11
4038 11
4039 11
4040 11
4041 35
4042 11
4043 38
4044 11
4045 11
4046 11
4047 16
4048 16
4049 16
4050 16
4051 16
4052 7
4053 11
4054 11
4055 34
4056 7
4057 7
4058 16
4059 11
4060 16
4061 11
4062 11
4063 34
4064 16
4065 16
4066 51
4067 51
4068 51
4069 60
4070 51
4071 51
4072 60
4073 11
4074 11
4075 11
4076 35
4077 60
4078 60
4079 60
4080 60
4081 35
4082 35
4083 11
4084 7
4085 60
4086 33
4087 33
4088 60
4089 60
4090 33
4091 33
4092 33
4093 33
4094 33
4095 33
4096 33
4097 7
4098 7
4099 7
4100 7
4101 33
4102 33
4103 33
4104 33
4105 33
4106 33
4107 33
4108 33
4109 7
4110 33
4111 51
4112 7
4113 42
4114 79
4115 79
4116 42
4117 7
4118 42
4119 42
4120 79
4121 79
4122 33
4123 33
4124 33
4125 46
4126 113
4127 26
4128 26
4129 42
4130 26
4131 26
4132 26
4133 26
4134 26
4135 33
4136 55
4137 55
4138 55
4139 26
4140 26
4141 55
4142 55
4143 55
4144 26
4145 26
4146 26
4147 26
4148 26
4149 28
4150 26
4151 26
4152 26
4153 26
4154 26
4155 60
4156 26
4157 26
4158 26
4159 26
4160 26
4161 31
4162 26
4163 26
4164 104
4165 104
4166 26
4167 2
4168 26
4169 26
4170 26
4171 26
4172 26
4173 30
4174 26
4175 29
4176 29
4177 7
4178 29
4179 30
4180 30
4181 7
4182 25
4183 25
4184 7
4185 25
4186 51
4187 7
4188 51
4189 7
4190 25
4191 51
4192 25
4193 25
4194 7
4195 7
4196 42
4197 42
4198 42
4199 51
4200 51
4201 51
4202 51
4203 26
4204 26
4205 26
4206 26
4207 26
4208 51
4209 51
4210 26
4211 26
4212 26
4213 26
4214 26
4215 51
4216 51
4217 24
4218 51
4219 51
4220 24
4221 51
4222 24
4223 24
4224 24
4225 24
4226 24
4227 24
4228 51
4229 24
4230 37
4231 24
4232 24
4233 51
4234 24
4235 24
4236 24
4237 24
4238 33
4239 33
4240 77
4241 42
4242 42
4243 24
4244 70
4245 70
4246 70
4247 24
4248 24
4249 33
4250 33
4251 33
4252 33
4253 24
4254 24
4255 37
4256 37
4257 37
4258 104
4259 33
4260 24
4261 33
4262 33
4263 24
4264 24
4265 18
4266 42
4267 24
4268 18
4269 46
4270 46
4271 33
4272 33
4273 46
4274 46
4275 46
4276 46
4277 17
4278 46
4279 19
4280 19
4281 19
4282 19
4283 42
4284 17
4285 17
4286 51
4287 51
4288 51
4289 33
4290 33
4291 33
4292 33
4293 22
4294 17
4295 17
4296 22
4297 95
4298 95
4299 42
4300 42
4301 33
4302 17
4303 17
4304 17
4305 20
4306 17
4307 17
4308 20
4309 86
4310 20
4311 86
4312 20
4313 21
4314 21
4315 21
4316 33
4317 16
4318 16
4319 42
4320 16
4321 42
4322 33
4323 33
4324 16
4325 42
4326 16
4327 33
4328 33
4329 33
4330 33
4331 33
4332 33
4333 42
4334 17
4335 42
4336 42
4337 42
4338 42
4339 42
4340 68
4341 33
4342 33
4343 42
4344 42
4345 42
4346 68
4347 42
4348 42
4349 42
4350 42
4351 42
4352 114
4353 42
4354 42
4355 42
4356 15
4357 15
4358 42
4359 15
4360 42
4361 114
4362 15
4363 42
4364 15
4365 28
4366 42
4367 15
4368 42
4369 33
4370 33
4371 33
4372 33
4373 24
4374 24
4375 33
4376 86
4377 33
4378 33
4379 24
4380 24
4381 24
4382 61
4383 24
4384 24
4385 61
4386 61
4387 24
4388 24
4389 24
4390 63
4391 28
4392 63
4393 61
4394 95
4395 95
4396 95
4397 24
4398 24
4399 28
4400 61
4401 61
4402 61
4403 24
4404 24
4405 24
4406 37
4407 37
4408 24
4409 95
4410 24
4411 37
4412 33
4413 33
4414 37
4415 37
4416 37
4417 10
4418 37
4419 33
4420 33
4421 14
4422 14
4423 42
4424 14
4425 139
4426 24
4427 24
4428 24
4429 24
4430 86
4431 13
4432 86
4433 13
4434 13
4435 37
4436 33
4437 33
4438 42
4439 24
4440 24
4441 24
4442 24
4443 24
4444 11
4445 11
4446 37
4447 77
4448 77
4449 77
4450 33
4451 61
4452 33
4453 24
4454 24
4455 24
4456 12
4457 12
4458 33
4459 33
4460 86
4461 86
4462 86
4463 33
4464 33
4465 59
4466 24
4467 24
4468 24
4469 33
4470 24
4471 33
4472 33
4473 33
4474 24
4475 33
4476 33
4477 33
4478 33
4479 59
4480 24
4481 33
4482 33
4483 33
4484 33
4485 59
4486 112
4487 33
4488 24
4489 33
4490 33
4491 33
4492 33
4493 33
4494 33
4495 33
4496 33
4497 33
4498 33
4499 105
4500 105
4501 33
4502 105
4503 33
4504 33
4505 33
4506 33
4507 33
4508 24
4509 24
4510 24
4511 24
4512 24
4513 24
4514 15
4515 59
4516 24
4517 15
4518 24
4519 52
4520 24
4521 52
4522 81
4523 77
4524 52
4525 52
4526 52
4527 52
4528 52
4529 81
4530 54
4531 19
4532 19
4533 19
4534 52
4535 19
4536 86
4537 24
4538 24
4539 19
4540 19
4541 24
4542 24
4543 24
4544 24
4545 24
4546 24
4547 28
4548 28
4549 24
4550 24
4551 28
4552 28
4553 24
4554 24
4555 24
4556 28
4557 28
4558 28
4559 28
4560 28
4561 24
4562 28
4563 28
4564 33
4565 105
4566 130
4567 15
4568 28
4569 24
4570 15
4571 24
4572 77
4573 24
4574 15
4575 33
4576 24
4577 33
4578 24
4579 33
4580 33
4581 15
4582 15
4583 24
4584 15
4585 68
4586 68
4587 68
4588 24
4589 24
4590 24
4591 28
4592 24
4593 52
4594 24
4595 24
4596 24
4597 24
4598 24
4599 24
4600 24
4601 24
4602 24
4603 77
4604 77
4605 149
4606 24
4607 24
4608 50
4609 24
4610 50
4611 50
4612 24
4613 24
4614 24
4615 24
4616 24
4617 24
4618 24
4619 24
4620 15
4621 15
4622 50
4623 15
4624 15
4625 50
4626 50
4627 24
4628 24
4629 103
4630 15
4631 15
4632 68
4633 24
4634 24
4635 24
4636 24
4637 24
4638 24
4639 24
4640 24
4641 24
4642 24
4643 96
4644 96
4645 96
4646 24
4647 10
4648 10
4649 10
4650 10
4651 24
4652 24
4653 15
4654 15
4655 10
4656 10
4657 10
4658 15
4659 15
4660 72
4661 10
4662 10
4663 72
4664 43
4665 43
4666 72
4667 15
4668 68
4669 43
4670 43
4671 43
4672 43
4673 15
4674 43
4675 45
4676 43
4677 10
4678 43
4679 19
4680 19
4681 10
4682 19
4683 15
4684 10
4685 15
4686 15
4687 15
4688 19
4689 15
4690 15
4691 15
4692 15
4693 19
4694 19
4695 19
4696 19
4697 19
4698 19
4699 19
4700 15
4701 46
4702 46
4703 19
4704 19
4705 19
4706 19
4707 19
4708 24
4709 19
4710 24
4711 19
4712 19
4713 19
4714 19
4715 59
4716 15
4717 15
4718 68
4719 59
4720 24
4721 24
4722 19
4723 19
4724 15
4725 42
4726 24
4727 15
4728 24
4729 24
4730 59
4731 19
4732 68
4733 59
4734 19
4735 19
4736 19
4737 19
4738 19
4739 19
4740 43
4741 15
4742 68
4743 68
4744 15
4745 15
4746 15
4747 15
4748 15
4749 15
4750 68
4751 68
4752 140
4753 41
4754 41
4755 15
4756 15
4757 15
4758 41
4759 15
4760 15
4761 15
4762 15
4763 15
4764 15
4765 15
4766 54
4767 15
4768 15
4769 15
4770 15
4771 41
4772 41
4773 41
4774 41
4775 41
4776 41
4777 15
4778 41
4779 41
4780 59
4781 15
4782 87
4783 50
4784 15
4785 87
4786 87
4787 50
4788 50
4789 15
4790 15
4791 15
4792 87
4793 41
4794 15
4795 15
4796 41
4797 41
4798 41
4799 50
4800 15
4801 34
4802 50
4803 6
4804 6
4805 34
4806 6
4807 6
4808 41
4809 63
4810 50
4811 63
4812 63
4813 34
4814 34
4815 34
4816 63
4817 34
4818 34
4819 59
4820 34
4821 34
4822 34
4823 6
4824 6
4825 34
4826 36
4827 10
4828 34
4829 10
4830 68
4831 10
4832 10
4833 34
4834 6
4835 34
4836 34
4837 34
4838 10
4839 34
4840 112
4841 34
4842 112
4843 34
4844 10
4845 10
4846 10
4847 10
4848 10
4849 34
4850 10
4851 34
4852 37
4853 10
4854 10
4855 10
4856 15
4857 15
4858 15
4859 15
4860 15
4861 15
4862 6
4863 10
4864 10
4865 33
4866 33
4867 6
4868 15
4869 15
4870 10
4871 10
4872 15
4873 10
4874 10
4875 33
4876 33
4877 15
4878 15
4879 50
4880 50
4881 50
4882 50
4883 59
4884 50
4885 50
4886 59
4887 10
4888 10
4889 50
4890 10
4891 34
4892 34
4893 59
4894 59
4895 59
4896 59
4897 34
4898 34
4899 50
4900 10
4901 10
4902 59
4903 32
4904 32
4905 59
4906 59
4907 59
4908 32
4909 32
4910 32
4911 32
4912 32
4913 32
4914 32
4915 32
4916 32
4917 6
4918 32
4919 6
4920 6
4921 32
4922 32
4923 59
4924 32
4925 32
4926 32
4927 32
4928 41
4929 32
4930 85
4931 6
4932 32
4933 50
4934 6
4935 78
4936 41
4937 78
4938 78
4939 41
4940 78
4941 41
4942 41
4943 41
4944 78
4945 78
4946 32
4947 32
4948 32
4949 45
4950 45
4951 112
4952 45
4953 25
4954 25
4955 41
4956 25
4957 25
4958 25
4959 78
4960 25
4961 32
4962 32
4963 54
4964 54
4965 54
4966 41
4967 25
4968 25
4969 54
4970 54
4971 25
4972 54
4973 25
4974 25
4975 25
4976 25
4977 25
4978 25
4979 27
4980 25
4981 25
4982 25
4983 59
4984 25
4985 59
4986 59
4987 25
4988 31
4989 25
4990 41
4991 25
4992 25
4993 30
4994 25
4995 25
4996 25
4997 103
4998 103
4999 25
5000 50
5001 25
5002 25
5003 25
5004 25
5005 25
5006 25
5007 25
5008 29
5009 28
5010 28
5011 28
5012 6
5013 28
5014 6
5015 29
5016 29
5017 6
5018 24
5019 24
5020 24
5021 29
5022 24
5023 50
5024 6
5025 50
5026 6
5027 6
5028 24
5029 50
5030 24
5031 24
5032 24
5033 41
5034 6
5035 41
5036 50
5037 41
5038 41
5039 50
5040 50
5041 50
5042 50
5043 50
5044 25
5045 25
5046 25
5047 25
5048 25
5049 50
5050 50
5051 50
5052 25
5053 25
5054 25
5055 50
5056 25
5057 25
5058 50
5059 50
5060 122
5061 50
5062 50
5063 50
5064 23
5065 50
5066 23
5067 23
5068 23
5069 50
5070 23
5071 23
5072 23
5073 50
5074 23
5075 23
5076 36
5077 23
5078 23
5079 23
5080 50
5081 23
5082 23
5083 23
5084 23
5085 32
5086 32
5087 32
5088 76
5089 41
5090 41
5091 23
5092 23
5093 23
5094 69
5095 69
5096 32
5097 23
5098 23
5099 32
5100 32
5101 32
5102 32
5103 23
5104 23
5105 71
5106 36
5107 36
5108 41
5109 103
5110 103
5111 32
5112 23
5113 32
5114 32
5115 69
5116 23
5117 23
5118 17
5119 41
5120 17
5121 17
5122 32
5123 45
5124 45
5125 32
5126 32
5127 45
5128 45
5129 41
5130 45
5131 45
5132 45
5133 45
5134 16
5135 18
5136 18
5137 18
5138 18
5139 16
5140 41
5141 16
5142 16
5143 50
5144 50
5145 50
5146 147
5147 32
5148 32
5149 32
5150 32
5151 16
5152 21
5153 16
5154 16
5155 21
5156 94
5157 94
5158 41
5159 41
5160 41
5161 32
5162 16
5163 16
5164 16
5165 16
5166 19
5167 16
5168 32
5169 19
5170 19
5171 85
5172 19
5173 85
5174 19
5175 41
5176 20
5177 20
5178 20
5179 32
5180 20
5181 15
5182 20
5183 41
5184 15
5185 41
5186 32
5187 15
5188 32
5189 15
5190 41
5191 15
5192 41
5193 32
5194 32
5195 32
5196 32
5197 32
5198 32
5199 32
5200 41
5201 32
5202 41
5203 41
5204 41
5205 41
5206 41
5207 41
5208 67
5209 32
5210 32
5211 41
5212 41
5213 41
5214 41
5215 67
5216 120
5217 41
5218 32
5219 41
5220 41
5221 41
5222 113
5223 41
5224 41
5225 14
5226 41
5227 14
5228 41
5229 41
5230 41
5231 14
5232 41
5233 113
5234 14
5235 41
5236 41
5237 14
5238 27
5239 41
5240 41
5241 41
5242 41
5243 32
5244 32
5245 32
5246 32
5247 23
5248 23
5249 23
5250 32
5251 85
5252 32
5253 32
5254 32
5255 23
5256 23
5257 23
5258 60
5259 85
5260 23
5261 85
5262 60
5263 60
5264 23
5265 23
5266 60
5267 23
5268 62
5269 27
5270 62
5271 32
5272 60
5273 60
5274 94
5275 94
5276 60
5277 23
5278 60
5279 27
5280 60
5281 60
5282 60
5283 65
5284 23
5285 32
5286 23
5287 36
5288 36
5289 23
5290 23
5291 94
5292 23
5293 36
5294 32
5295 32
5296 32
5297 36
5298 36
5299 36
5300 36
5301 36
5302 13
5303 32
5304 32
5305 13
5306 13
5307 13
5308 41
5309 41
5310 138
5311 23
5312 23
5313 23
5314 23
5315 23
5316 85
5317 12
5318 85
5319 41
5320 12
5321 41
5322 36
5323 32
5324 32
5325 41
5326 23
5327 23
5328 23
5329 23
5330 23
5331 23
5332 23
5333 36
5334 10
5335 36
5336 76
5337 76
5338 32
5339 76
5340 32
5341 60
5342 32
5343 23
5344 23
5345 23
5346 23
5347 11
5348 11
5349 32
5350 32
5351 32
5352 85
5353 85
5354 85
5355 85
5356 32
5357 32
5358 58
5359 23
5360 32
5361 23
5362 23
5363 32
5364 23
5365 32
5366 32
5367 23
5368 32
5369 32
5370 32
5371 32
5372 32
5373 32
5374 32
5375 58
5376 23
5377 32
5378 32
5379 32
5380 32
5381 32
5382 58
5383 111
5384 32
5385 23
5386 32
5387 32
5388 32
5389 32
5390 32
5391 32
5392 32
5393 32
5394 32
5395 32
5396 32
5397 32
5398 32
5399 104
5400 104
5401 32
5402 104
5403 32
5404 32
5405 18
5406 32
5407 32
5408 32
5409 23
5410 23
5411 23
5412 23
5413 23
5414 23
5415 23
5416 23
5417 14
5418 58
5419 23
5420 23
5421 23
5422 23
5423 51
5424 23
5425 51
5426 80
5427 51
5428 76
5429 76
5430 51
5431 51
5432 51
5433 51
5434 51
5435 80
5436 53
5437 18
5438 18
5439 23
5440 18
5441 27
5442 18
5443 85
5444 23
5445 23
5446 23
5447 18
5448 18
5449 23
5450 23
5451 23
5452 23
5453 23
5454 23
5455 23
5456 27
5457 27
5458 23
5459 23
5460 23
5461 27
5462 27
5463 23
5464 23
5465 23
5466 23
5467 27
5468 54
5469 27
5470 27
5471 27
5472 27
5473 23
5474 27
5475 27
5476 27
5477 32
5478 104
5479 129
5480 27
5481 27
5482 27
5483 23
5484 14
5485 23
5486 76
5487 14
5488 23
5489 23
5490 32
5491 23
5492 27
5493 23
5494 32
5495 32
5496 32
5497 14
5498 14
5499 23
5500 23
5501 67
5502 67
5503 67
5504 67
5505 23
5506 23
5507 23
5508 23
5509 27
5510 23
5511 51
5512 51
5513 23
5514 23
5515 23
5516 23
5517 23
5518 23
5519 23
5520 23
5521 23
5522 23
5523 76
5524 76
5525 148
5526 148
5527 23
5528 49
5529 49
5530 23
5531 23
5532 49
5533 49
5534 23
5535 23
5536 23
5537 23
5538 23
5539 23
5540 23
5541 23
5542 62
5543 23
5544 14
5545 14
5546 49
5547 14
5548 14
5549 49
5550 49
5551 49
5552 23
5553 23
5554 23
5555 102
5556 14
5557 14
5558 67
5559 23
5560 23
5561 95
5562 23
5563 23
5564 23
5565 23
5566 49
5567 23
5568 23
5569 23
5570 23
5571 95
5572 95
5573 23
5574 95
5575 23
5576 23
5577 9
5578 49
5579 9
5580 9
5581 23
5582 23
5583 58
5584 14
5585 42
5586 9
5587 9
5588 14
5589 14
5590 49
5591 14
5592 71
5593 9
5594 9
5595 9
5596 71
5597 42
5598 42
5599 71
5600 42
5601 67
5602 42
5603 42
5604 42
5605 42
5606 42
5607 42
5608 14
5609 18
5610 44
5611 42
5612 9
5613 42
5614 9
5615 18
5616 18
5617 9
5618 18
5619 42
5620 14
5621 14
5622 14
5623 14
5624 14
5625 18
5626 18
5627 14
5628 14
5629 14
5630 14
5631 14
5632 18
5633 18
5634 18
5635 18
5636 18
5637 18
5638 14
5639 18
5640 14
5641 45
5642 45
5643 42
5644 18
5645 18
5646 18
5647 18
5648 18
5649 23
5650 23
5651 18
5652 23
5653 18
5654 18
5655 18
5656 18
5657 18
5658 58
5659 14
5660 23
5661 67
5662 58
5663 58
5664 23
5665 23
5666 18
5667 14
5668 18
5669 41
5670 41
5671 23
5672 14
5673 23
5674 14
5675 23
5676 58
5677 18
5678 67
5679 58
5680 58
5681 18
5682 18
5683 18
5684 18
5685 18
5686 18
5687 18
5688 42
5689 14
5690 67
5691 14
5692 67
5693 67
5694 14
5695 14
5696 42
5697 14
5698 14
5699 14
5700 67
5701 67
5702 139
5703 40
5704 40
5705 40
5706 14
5707 14
5708 40
5709 40
5710 40
5711 14
5712 14
5713 14
5714 14
5715 40
5716 14
5717 14
5718 14
5719 53
5720 14
5721 14
5722 14
5723 14
5724 14
5725 40
5726 40
5727 40
5728 40
5729 40
5730 40
5731 40
5732 40
5733 40
5734 14
5735 40
5736 58
5737 14
5738 86
5739 14
5740 49
5741 14
5742 86
5743 86
5744 49
5745 49
5746 49
5747 14
5748 14
5749 14
5750 86
5751 14
5752 40
5753 14
5754 14
5755 40
5756 40
5757 40
5758 33
5759 49
5760 14
5761 33
5762 49
5763 33
5764 5
5765 33
5766 33
5767 5
5768 33
5769 40
5770 62
5771 62
5772 49
5773 62
5774 62
5775 33
5776 33
5777 33
5778 33
5779 62
5780 58
5781 33
5782 62
5783 58
5784 33
5785 33
5786 33
5787 5
5788 5
5789 33
5790 33
5791 35
5792 58
5793 33
5794 9
5795 9
5796 67
5797 9
5798 9
5799 39
5800 33
5801 33
5802 33
5803 33
5804 33
5805 9
5806 33
5807 33
5808 111
5809 33
5810 111
5811 62
5812 33
5813 33
5814 9
5815 9
5816 33
5817 9
5818 33
5819 33
5820 9
5821 33
5822 36
5823 33
5824 9
5825 36
5826 9
5827 14
5828 9
5829 14
5830 14
5831 14
5832 14
5833 14
5834 5
5835 14
5836 9
5837 9
5838 32
5839 32
5840 32
5841 14
5842 14
5843 14
5844 9
5845 9
5846 14
5847 9
5848 9
5849 32
5850 32
5851 32
5852 49
5853 14
5854 14
5855 49
5856 49
5857 49
5858 49
5859 58
5860 58
5861 9
5862 49
5863 58
5864 9
5865 9
5866 33
5867 49
5868 9
5869 33
5870 33
5871 33
5872 58
5873 58
5874 58
5875 58
5876 33
5877 33
5878 33
5879 49
5880 9
5881 9
5882 58
5883 31
5884 31
5885 9
5886 58
5887 58
5888 58
5889 31
5890 58
5891 31
5892 31
5893 31
5894 31
5895 31
5896 31
5897 31
5898 31
5899 31
5900 31
5901 31
5902 31
5903 5
5904 5
5905 31
5906 31
5907 31
5908 58
5909 31
5910 31
5911 31
5912 31
5913 40
5914 31
5915 31
5916 84
5917 5
5918 31
5919 49
5920 49
5921 77
5922 77
5923 40
5924 77
5925 77
5926 31
5927 40
5928 77
5929 40
5930 40
5931 77
5932 40
5933 31
5934 77
5935 31
5936 31
5937 31
5938 44
5939 44
5940 44
5941 111
5942 44
5943 40
5944 24
5945 24
5946 40
5947 24
5948 24
5949 24
5950 31
5951 77
5952 24
5953 31
5954 31
5955 31
5956 53
5957 53
5958 53
5959 40
5960 40
5961 24
5962 24
5963 53
5964 53
5965 24
5966 53
5967 24
5968 24
5969 53
5970 24
5971 24
5972 26
5973 24
5974 24
5975 26
5976 24
5977 24
5978 24
5979 24
5980 58
5981 58
5982 58
5983 58
5984 24
5985 30
5986 40
5987 24
5988 40
5989 24
5990 24
5991 29
5992 29
5993 29
5994 24
5995 24
5996 24
5997 102
5998 102
5999 24
6000 49
6001 24
6002 24
6003 24
6004 24
6005 24
6006 24
6007 24
6008 27
6009 28
6010 28
6011 27
6012 27
6013 27
6014 5
6015 102
6016 27
6017 5
6018 28
6019 28
6020 5
6021 23
6022 49
6023 23
6024 23
6025 28
6026 23
6027 5
6028 49
6029 49
6030 49
6031 5
6032 40
6033 23
6034 5
6035 49
6036 23
6037 23
6038 23
6039 40
6040 40
6041 40
6042 40
6043 49
6044 40
6045 40
6046 49
6047 49
6048 49
6049 49
6050 49
6051 49
6052 49
6053 24
6054 24
6055 24
6056 24
6057 24
6058 40
6059 49
6060 49
6061 49
6062 24
6063 49
6064 24
6065 128
6066 49
6067 24
6068 24
6069 49
6070 24
6071 49
6072 121
6073 49
6074 49
6075 49
6076 49
6077 22
6078 49
6079 22
6080 22
6081 22
6082 22
6083 49
6084 22
6085 22
6086 22
6087 22
6088 49
6089 22
6090 22
6091 35
6092 35
6093 22
6094 22
6095 22
6096 49
6097 22
6098 22
6099 40
6100 22
6101 75
6102 31
6103 31
6104 31
6105 75
6106 40
6107 40
6108 40
6109 22
6110 22
6111 31
6112 22
6113 68
6114 68
6115 31
6116 31
6117 22
6118 93
6119 31
6120 31
6121 31
6122 31
6123 22
6124 22
6125 22
6126 70
6127 35
6128 35
6129 40
6130 102
6131 102
6132 102
6133 31
6134 22
6135 22
6136 31
6137 31
6138 68
6139 22
6140 16
6141 16
6142 16
6143 40
6144 16
6145 16
6146 31
6147 44
6148 44
6149 44
6150 31
6151 31
6152 44
6153 44
6154 44
6155 40
6156 44
6157 44
6158 44
6159 71
6160 44
6161 44
6162 17
6163 17
6164 17
6165 17
6166 40
6167 15
6168 40
6169 15
6170 15
6171 72
6172 49
6173 15
6174 49
6175 146
6176 21
6177 31
6178 44
6179 31
6180 31
6181 15
6182 20
6183 20
6184 15
6185 93
6186 20
6187 93
6188 49
6189 40
6190 40
6191 40
6192 40
6193 31
6194 15
6195 15
6196 15
6197 15
6198 15
6199 18
6200 18
6201 31
6202 18
6203 18
6204 18
6205 84
6206 18
6207 18
6208 84
6209 40
6210 40
6211 19
6212 19
6213 19
6214 19
6215 31
6216 19
6217 14
6218 19
6219 40
6220 40
6221 40
6222 40
6223 31
6224 14
6225 31
6226 93
6227 14
6228 40
6229 14
6230 40
6231 14
6232 31
6233 31
6234 31
6235 31
6236 31
6237 31
6238 31
6239 31
6240 40
6241 31
6242 40
6243 31
6244 40
6245 40
6246 40
6247 40
6248 40
6249 66
6250 66
6251 31
6252 31
6253 40
6254 40
6255 40
6256 40
6257 40
6258 66
6259 119
6260 40
6261 31
6262 40
6263 40
6264 40
6265 40
6266 112
6267 40
6268 40
6269 40
6270 13
6271 40
6272 40
6273 40
6274 13
6275 40
6276 40
6277 13
6278 40
6279 112
6280 112
6281 40
6282 40
6283 40
6284 13
6285 26
6286 40
6287 40
6288 40
6289 40
6290 40
6291 40
6292 31
6293 31
6294 31
6295 31
6296 66
6297 22
6298 22
6299 22
6300 31
6301 84
6302 31
6303 31
6304 31
6305 31
6306 22
6307 22
6308 59
6309 59
6310 22
6311 84
6312 22
6313 84
6314 59
6315 59
6316 59
6317 22
6318 22
6319 59
6320 22
6321 61
6322 61
6323 26
6324 61
6325 31
6326 59
6327 93
6328 59
6329 93
6330 93
6331 59
6332 59
6333 59
6334 22
6335 26
6336 59
6337 59
6338 59
6339 31
6340 64
6341 31
6342 31
6343 22
6344 35
6345 35
6346 35
6347 22
6348 22
6349 93
6350 22
6351 22
6352 35
6353 31
6354 31
6355 31
6356 35
6357 35
6358 35
6359 35
6360 35
6361 35
6362 12
6363 22
6364 31
6365 31
6366 12
6367 12
6368 40
6369 40
6370 40
6371 40
6372 137
6373 22
6374 22
6375 35
6376 22
6377 22
6378 22
6379 84
6380 84
6381 84
6382 40
6383 40
6384 11
6385 40
6386 35
6387 31
6388 31
6389 11
6390 40
6391 22
6392 22
6393 22
6394 22
6395 22
6396 22
6397 22
6398 22
6399 75
6400 35
6401 75
6402 35
6403 75
6404 75
6405 31
6406 75
6407 75
6408 31
6409 59
6410 31
6411 31
6412 22
6413 31
6414 22
6415 22
6416 31
6417 10
6418 22
6419 31
6420 31
6421 31
6422 84
6423 84
6424 84
6425 156
6426 84
6427 31
6428 31
6429 57
6430 31
6431 22
6432 31
6433 22
6434 22
6435 31
6436 31
6437 22
6438 31
6439 31
6440 31
6441 31
6442 31
6443 31
6444 31
6445 31
6446 31
6447 31
6448 31
6449 57
6450 57
6451 22
6452 22
6453 31
6454 31
6455 31
6456 31
6457 31
6458 57
6459 57
6460 110
6461 22
6462 22
6463 31
6464 31
6465 31
6466 31
6467 31
6468 31
6469 31
6470 31
6471 31
6472 31
6473 31
6474 31
6475 31
6476 31
6477 31
6478 103
6479 103
6480 103
6481 31
6482 103
6483 17
6484 31
6485 17
6486 17
6487 31
6488 17
6489 31
6490 31
6491 22
6492 22
6493 22
6494 22
6495 22
6496 22
6497 22
6498 22
6499 22
6500 57
6501 57
6502 22
6503 22
6504 22
6505 22
6506 22
6507 22
6508 50
6509 50
6510 50
6511 79
6512 22
6513 75
6514 50
6515 75
6516 50
6517 50
6518 50
6519 50
6520 50
6521 22
6522 79
6523 52
6524 17
6525 17
6526 17
6527 22
6528 17
6529 26
6530 17
6531 17
6532 84
6533 26
6534 22
6535 22
6536 17
6537 17
6538 17
6539 22
6540 22
6541 22
6542 22
6543 22
6544 22
6545 22
6546 22
6547 26
6548 26
6549 22
6550 26
6551 22
6552 22
6553 26
6554 26
6555 26
6556 22
6557 22
6558 22
6559 22
6560 53
6561 53
6562 53
6563 26
6564 26
6565 26
6566 26
6567 26
6568 22
6569 31
6570 26
6571 26
6572 31
6573 103
6574 31
6575 128
6576 26
6577 26
6578 26
6579 26
6580 22
6581 22
6582 22
6583 75
6584 13
6585 22
6586 22
6587 22
6588 31
6589 22
6590 26
6591 22
6592 22
6593 49
6594 31
6595 31
6596 31
6597 13
6598 13
6599 22
6600 22
6601 66
6602 66
6603 66
6604 66
6605 66
6606 22
6607 22
6608 26
6609 22
6610 75
6611 26
6612 22
6613 50
6614 50
6615 66
6616 22
6617 22
6618 22
6619 22
6620 22
6621 22
6622 50
6623 22
6624 22
6625 22
6626 22
6627 75
6628 75
6629 75
6630 147
6631 147
6632 75
6633 48
6634 22
6635 48
6636 22
6637 22
6638 48
6639 22
6640 48
6641 48
6642 22
6643 22
6644 22
6645 22
6646 22
6647 22
6648 22
6649 22
6650 61
6651 22
6652 22
6653 13
6654 13
6655 48
6656 13
6657 13
6658 48
6659 48
6660 48
6661 48
6662 22
6663 22
6664 22
6665 22
6666 101
6667 13
6668 22
6669 66
6670 66
6671 22
6672 22
6673 94
6674 22
6675 22
6676 22
6677 22
6678 22
6679 48
6680 22
6681 22
6682 57
6683 22
6684 22
6685 94
6686 94
6687 94
6688 22
6689 8
6690 22
6691 22
6692 48
6693 48
6694 8
6695 8
6696 8
6697 22
6698 22
6699 57
6700 57
6701 57
6702 41
6703 8
6704 8
6705 13
6706 13
6707 13
6708 48
6709 13
6710 70
6711 8
6712 8
6713 8
6714 8
6715 70
6716 41
6717 41
6718 41
6719 70
6720 41
6721 66
6722 41
6723 41
6724 41
6725 41
6726 41
6727 41
6728 41
6729 13
6730 13
6731 17
6732 43
6733 41
6734 8
6735 43
6736 41
6737 8
6738 17
6739 17
6740 75
6741 17
6742 17
6743 41
6744 13
6745 13
6746 13
6747 13
6748 13
6749 41
6750 17
6751 17
6752 46
6753 13
6754 13
6755 13
6756 13
6757 13
6758 17
6759 41
6760 17
6761 17
6762 17
6763 17
6764 17
6765 13
6766 41
6767 17
6768 13
6769 44
6770 44
6771 17
6772 41
6773 17
6774 17
6775 17
6776 17
6777 17
6778 22
6779 22
6780 22
6781 17
6782 22
6783 22
6784 17
6785 17
6786 17
6787 17
6788 17
6789 57
6790 57
6791 13
6792 22
6793 66
6794 57
6795 57
6796 57
6797 22
6798 22
6799 17
6800 17
6801 17
6802 17
6803 40
6804 40
6805 22
6806 13
6807 13
6808 22
6809 57
6810 22
6811 57
6812 22
6813 66
6814 17
6815 57
6816 57
6817 17
6818 17
6819 17
6820 17
6821 41
6822 17
6823 17
6824 17
6825 41
6826 66
6827 13
6828 66
6829 13
6830 66
6831 66
6832 66
6833 41
6834 13
6835 41
6836 13
6837 13
6838 41
6839 13
6840 66
6841 66
6842 138
6843 39
6844 39
6845 39
6846 39
6847 13
6848 13
6849 39
6850 39
6851 39
6852 39
6853 13
6854 13
6855 39
6856 13
6857 13
6858 39
6859 13
6860 13
6861 13
6862 13
6863 52
6864 13
6865 13
6866 13
6867 13
6868 13
6869 39
6870 39
6871 39
6872 39
6873 39
6874 39
6875 39
6876 39
6877 39
6878 39
6879 39
6880 39
6881 39
6882 39
6883 57
6884 13
6885 85
6886 85
6887 13
6888 48
6889 13
6890 85
6891 48
6892 85
6893 85
6894 48
6895 48
6896 48
6897 13
6898 13
6899 13
6900 85
6901 13
6902 39
6903 13
6904 13
6905 39
6906 39
6907 39
6908 52
6909 32
6910 119
6911 48
6912 13
6913 32
6914 48
6915 48
6916 32
6917 4
6918 32
6919 32
6920 32
6921 32
6922 61
6923 39
6924 61
6925 61
6926 48
6927 61
6928 61
6929 48
6930 32
6931 32
6932 32
6933 32
6934 32
6935 61
6936 57
6937 32
6938 61
6939 32
6940 57
6941 32
6942 32
6943 32
6944 4
6945 4
6946 32
6947 32
6948 32
6949 34
6950 57
6951 32
6952 32
6953 8
6954 8
6955 66
6956 8
6957 8
6958 32
6959 38
6960 32
6961 32
6962 32
6963 32
6964 32
6965 32
6966 8
6967 32
6968 37
6969 110
6970 32
6971 32
6972 110
6973 61
6974 32
6975 32
6976 32
6977 8
6978 8
6979 32
6980 48
6981 32
6982 32
6983 32
6984 8
6985 32
6986 35
6987 8
6988 32
6989 35
6990 35
6991 8
6992 35
6993 8
6994 13
6995 13
6996 13
6997 13
6998 13
6999 13
7000 13
7001 13
7002 13
7003 8
7004 8
7005 31
7006 31
7007 31
7008 31
7009 13
7010 13
7011 13
7012 13
7013 48
7014 8
7015 13
7016 31
7017 8
7018 57
7019 31
7020 31
7021 31
7022 48
7023 48
7024 13
7025 48
7026 48
7027 48
7028 48
7029 48
7030 57
7031 57
7032 57
7033 8
7034 48
7035 57
7036 57
7037 8
7038 8
7039 32
7040 32
7041 8
7042 32
7043 32
7044 32
7045 32
7046 57
7047 57
7048 57
7049 32
7050 57
7051 32
7052 32
7053 32
7054 32
7055 48
7056 8
7057 8
7058 57
7059 57
7060 30
7061 129
7062 8
7063 57
7064 57
7065 57
7066 30
7067 30
7068 57
7069 30
7070 30
7071 30
7072 30
7073 129
7074 30
7075 30
7076 30
7077 30
7078 57
7079 30
7080 30
7081 30
7082 30
7083 43
7084 4
7085 30
7086 30
7087 30
7088 57
7089 57
7090 30
7091 30
7092 30
7093 30
7094 30
7095 30
7096 39
7097 30
7098 30
7099 83
7100 30
7101 30
7102 48
7103 48
7104 48
7105 76
7106 76
7107 76
7108 39
7109 76
7110 76
7111 30
7112 76
7113 76
7114 39
7115 39
7116 39
7117 76
7118 39
7119 39
7120 30
7121 30
7122 30
7123 30
7124 30
7125 43
7126 43
7127 43
7128 43
7129 110
7130 43
7131 43
7132 39
7133 43
7134 23
7135 39
7136 39
7137 23
7138 76
7139 23
7140 30
7141 76
7142 23
7143 48
7144 30
7145 30
7146 30
7147 52
7148 52
7149 52
7150 52
7151 39
7152 39
7153 23
7154 23
7155 52
7156 52
7157 52
7158 23
7159 52
7160 52
7161 23
7162 52
7163 52
7164 23
7165 23
7166 25
7167 23
7168 23
7169 25
7170 25
7171 23
7172 23
7173 23
7174 23
7175 23
7176 57
7177 57
7178 57
7179 29
7180 57
7181 23
7182 29
7183 39
7184 23
7185 39
7186 23
7187 23
7188 23
7189 28
7190 28
7191 57
7192 28
7193 28
7194 23
7195 23
7196 23
7197 101
7198 101
7199 23
7200 48
7201 23
7202 23
7203 23
7204 23
7205 101
7206 23
7207 23
7208 39
7209 26
7210 23
7211 27
7212 27
7213 26
7214 26
7215 27
7216 26
7217 4
7218 101
7219 26
7220 27
7221 27
7222 27
7223 27
7224 4
7225 22
7226 48
7227 22
7228 22
7229 48
7230 27
7231 22
7232 48
7233 48
7234 4
7235 48
7236 48
7237 4
7238 39
7239 39
7240 22
7241 22
7242 48
7243 22
7244 22
7245 22
7246 22
7247 39
7248 39
7249 39
7250 39
7251 48
7252 48
7253 39
7254 39
7255 48
7256 48
7257 48
7258 48
7259 48
7260 48
7261 48
7262 48
7263 39
7264 23
7265 48
7266 23
7267 23
7268 74
7269 39
7270 23
7271 48
7272 48
7273 48
7274 23
7275 48
7276 48
7277 23
7278 127
7279 48
7280 48
7281 23
7282 48
7283 48
7284 23
7285 48
7286 120
7287 48
7288 48
7289 48
7290 48
7291 48
7292 48
7293 48
7294 21
7295 21
7296 21
7297 21
7298 21
7299 120
7300 48
7301 21
7302 21
7303 21
7304 21
7305 48
7306 21
7307 21
7308 21
7309 34
7310 34
7311 34
7312 21
7313 48
7314 21
7315 48
7316 39
7317 21
7318 39
7319 39
7320 21
7321 74
7322 30
7323 30
7324 30
7325 30
7326 74
7327 39
7328 39
7329 39
7330 39
7331 21
7332 21
7333 30
7334 21
7335 30
7336 67
7337 67
7338 30
7339 30
7340 30
7341 92
7342 67
7343 30
7344 30
7345 30
7346 30
7347 21
7348 21
7349 30
7350 21
7351 69
7352 34
7353 34
7354 34
7355 39
7356 101
7357 101
7358 101
7359 30
7360 30
7361 30
7362 21
7363 30
7364 30
7365 67
7366 34
7367 21
7368 15
7369 15
7370 15
7371 15
7372 39
7373 15
7374 15
7375 30
7376 30
7377 43
7378 43
7379 43
7380 30
7381 30
7382 43
7383 101
7384 43
7385 43
7386 39
7387 43
7388 39
7389 43
7390 39
7391 70
7392 43
7393 43
7394 16
7395 16
7396 16
7397 16
7398 16
7399 39
7400 39
7401 39
7402 16
7403 14
7404 14
7405 71
7406 48
7407 48
7408 14
7409 145
7410 145
7411 20
7412 20
7413 43
7414 30
7415 30
7416 30
7417 14
7418 19
7419 19
7420 19
7421 48
7422 92
7423 19
7424 92
7425 48
7426 43
7427 39
7428 39
7429 39
7430 39
7431 14
7432 30
7433 30
7434 14
7435 14
7436 30
7437 14
7438 30
7439 17
7440 17
7441 30
7442 17
7443 17
7444 17
7445 17
7446 83
7447 17
7448 17
7449 83
7450 83
7451 39
7452 39
7453 18
7454 18
7455 39
7456 18
7457 18
7458 30
7459 18
7460 39
7461 18
7462 18
7463 39
7464 39
7465 39
7466 39
7467 13
7468 30
7469 30
7470 30
7471 92
7472 164
7473 39
7474 13
7475 13
7476 39
7477 13
7478 30
7479 30
7480 30
7481 30
7482 30
7483 30
7484 30
7485 30
7486 39
7487 30
7488 39
7489 30
7490 39
7491 30
7492 30
7493 39
7494 39
7495 39
7496 39
7497 39
7498 39
7499 65
7500 65
7501 30
7502 30
7503 39
7504 39
7505 39
7506 39
7507 39
7508 39
7509 65
7510 65
7511 118
7512 39
7513 30
7514 39
7515 30
7516 39
7517 39
7518 39
7519 111
7520 39
7521 39
7522 39
7523 39
7524 12
7525 39
7526 39
7527 12
7528 39
7529 39
7530 39
7531 39
7532 39
7533 39
7534 12
7535 111
7536 111
7537 39
7538 39
7539 39
7540 39
7541 39
7542 25
7543 39
7544 39
7545 39
7546 39
7547 39
7548 39
7549 39
7550 30
7551 30
7552 30
7553 30
7554 30
7555 65
7556 21
7557 21
7558 21
7559 21
7560 30
7561 83
7562 30
7563 21
7564 30
7565 25
7566 30
7567 21
7568 21
7569 58
7570 21
7571 58
7572 21
7573 83
7574 21
7575 58
7576 83
7577 58
7578 58
7579 58
7580 58
7581 21
7582 21
7583 58
7584 21
7585 60
7586 60
7587 60
7588 25
7589 58
7590 30
7591 58
7592 58
7593 58
7594 92
7595 92
7596 92
7597 58
7598 58
7599 30
7600 58
7601 58
7602 25
7603 58
7604 58
7605 58
7606 30
7607 30
7608 63
7609 30
7610 30
7611 30
7612 21
7613 34
7614 34
7615 34
7616 21
7617 21
7618 30
7619 92
7620 21
7621 21
7622 34
7623 30
7624 30
7625 58
7626 30
7627 34
7628 34
7629 34
7630 34
7631 34
7632 34
7633 34
7634 11
7635 21
7636 21
7637 30
7638 30
7639 11
7640 34
7641 39
7642 39
7643 39
7644 39
7645 39
7646 136
7647 21
7648 21
7649 34
7650 34
7651 21
7652 30
7653 21
7654 21
7655 83
7656 83
7657 83
7658 39
7659 39
7660 39
7661 39
7662 39
7663 34
7664 30
7665 30
7666 39
7667 10
7668 39
7669 21
7670 21
7671 21
7672 21
7673 30
7674 21
7675 21
7676 21
7677 21
7678 21
7679 74
7680 34
7681 74
7682 34
7683 74
7684 74
7685 58
7686 30
7687 74
7688 74
7689 30
7690 30
7691 58
7692 30
7693 30
7694 21
7695 21
7696 30
7697 21
7698 21
7699 30
7700 58
7701 21
7702 30
7703 30
7704 30
7705 30
7706 83
7707 83
7708 83
7709 83
7710 155
7711 83
7712 83
7713 30
7714 30
7715 56
7716 30
7717 21
7718 30
7719 56
7720 21
7721 56
7722 30
7723 30
7724 21
7725 30
7726 30
7727 30
7728 30
7729 30
7730 30
7731 30
7732 30
7733 69
7734 30
7735 30
7736 56
7737 30
7738 21
7739 56
7740 56
7741 21
7742 21
7743 21
7744 30
7745 30
7746 30
7747 30
7748 30
7749 56
7750 30
7751 56
7752 109
7753 21
7754 21
7755 30
7756 30
7757 30
7758 30
7759 30
7760 30
7761 30
7762 30
7763 30
7764 30
7765 30
7766 30
7767 30
7768 30
7769 30
7770 30
7771 30
7772 30
7773 102
7774 30
7775 102
7776 102
7777 30
7778 102
7779 30
7780 16
7781 16
7782 16
7783 16
7784 30
7785 16
7786 16
7787 30
7788 30
7789 21
7790 21
7791 21
7792 21
7793 49
7794 21
7795 21
7796 16
7797 21
7798 21
7799 21
7800 56
7801 56
7802 21
7803 21
7804 21
7805 21
7806 21
7807 21
7808 78
7809 49
7810 49
7811 49
7812 49
7813 78
7814 21
7815 21
7816 74
7817 49
7818 74
7819 49
7820 49
7821 49
7822 49
7823 49
7824 49
7825 21
7826 78
7827 16
7828 51
7829 16
7830 16
7831 16
7832 16
7833 16
7834 21
7835 25
7836 16
7837 16
7838 83
7839 16
7840 25
7841 55
7842 21
7843 16
7844 16
7845 16
7846 16
7847 21
7848 21
7849 21
7850 21
7851 54
7852 21
7853 21
7854 21
7855 21
7856 25
7857 25
7858 21
7859 21
7860 25
7861 21
7862 21
7863 49
7864 25
7865 25
7866 25
7867 21
7868 25
7869 21
7870 21
7871 21
7872 52
7873 52
7874 52
7875 25
7876 25
7877 25
7878 25
7879 25
7880 21
7881 21
7882 25
7883 30
7884 25
7885 25
7886 30
7887 30
7888 102
7889 25
7890 127
7891 25
7892 25
7893 25
7894 25
7895 25
7896 21
7897 21
7898 21
7899 74
7900 74
7901 21
7902 21
7903 21
7904 21
7905 30
7906 21
7907 21
7908 25
7909 21
7910 21
7911 21
7912 48
7913 48
7914 30
7915 30
7916 30
7917 12
7918 21
7919 21
7920 21
7921 65
7922 65
7923 25
7924 65
7925 25
7926 65
7927 21
7928 25
7929 25
7930 25
7931 21
7932 74
7933 25
7934 21
7935 25
7936 49
7937 49
7938 65
7939 21
7940 74
7941 21
7942 74
7943 21
7944 21
7945 21
7946 49
7947 21
7948 21
7949 21
7950 21
7951 21
7952 118
7953 74
7954 74
7955 74
7956 146
7957 146
7958 74
7959 47
7960 47
7961 47
7962 47
7963 21
7964 21
7965 47
7966 47
7967 21
7968 47
7969 47
7970 21
7971 74
7972 21
7973 21
7974 21
7975 21
7976 21
7977 21
7978 21
7979 21
7980 60
7981 21
7982 21
7983 21
7984 12
7985 21
7986 47
7987 12
7988 21
7989 47
7990 47
7991 47
7992 47
7993 47
7994 21
7995 21
7996 21
7997 21
7998 21
7999 100
8000 21
8001 21
8002 47
8003 65
8004 65
8005 21
8006 21
8007 21
8008 93
8009 56
8010 21
8011 21
8012 93
8013 21
8014 21
8015 47
8016 21
8017 21
8018 56
8019 21
8020 21
8021 21
8022 93
8023 93
8024 93
8025 21
8026 21
8027 7
8028 21
8029 21
8030 47
8031 47
8032 47
8033 47
8034 7
8035 7
8036 56
8037 21
8038 21
8039 56
8040 56
8041 56
8042 40
8043 12
8044 7
8045 7
8046 12
8047 12
8048 12
8049 47
8050 69
8051 12
8052 69
8053 7
8054 7
8055 69
8056 7
8057 7
8058 69
8059 40
8060 40
8061 40
8062 40
8063 69
8064 40
8065 65
8066 40
8067 40
8068 40
8069 40
8070 40
8071 40
8072 40
8073 40
8074 40
8075 12
8076 12
8077 16
8078 42
8079 16
8080 40
8081 42
8082 42
8083 40
8084 7
8085 16
8086 16
8087 16
8088 74
8089 16
8090 16
8091 12
8092 40
8093 12
8094 12
8095 12
8096 40
8097 12
8098 12
8099 40
8100 16
8101 16
8102 45
8103 12
8104 12
8105 12
8106 12
8107 12
8108 118
8109 16
8110 118
8111 40
8112 16
8113 16
8114 16
8115 40
8116 16
8117 16
8118 12
8119 40
8120 12
8121 12
8122 12
8123 43
8124 43
8125 16
8126 40
8127 16
8128 16
8129 16
8130 16
8131 16
8132 16
8133 21
8134 16
8135 21
8136 21
8137 16
8138 21
8139 16
8140 21
8141 12
8142 16
8143 16
8144 16
8145 16
8146 21
8147 56
8148 56
8149 12
8150 21
8151 56
8152 65
8153 56
8154 56
8155 56
8156 21
8157 21
8158 56
8159 16
8160 16
8161 16
8162 16
8163 39
8164 39
8165 39
8166 21
8167 12
8168 21
8169 21
8170 21
8171 56
8172 21
8173 56
8174 21
8175 65
8176 65
8177 16
8178 56
8179 56
8180 56
8181 16
8182 65
8183 16
8184 16
8185 40
8186 16
8187 16
8188 16
8189 65
8190 40
8191 65
8192 40
8193 65
8194 12
8195 12
8196 65
8197 65
8198 65
8199 12
8200 40
8201 40
8202 40
8203 12
8204 12
8205 40
8206 12
8207 12
8208 65
8209 65
8210 137
8211 38
8212 38
8213 38
8214 38
8215 38
8216 65
8217 12
8218 38
8219 38
8220 38
8221 38
8222 38
8223 38
8224 12
8225 38
8226 38
8227 12
8228 12
8229 38
8230 38
8231 12
8232 12
8233 12
8234 12
8235 38
8236 51
8237 12
8238 12
8239 12
8240 38
8241 12
8242 38
8243 38
8244 38
8245 38
8246 38
8247 38
8248 38
8249 38
8250 38
8251 38
8252 47
8253 38
8254 38
8255 38
8256 38
8257 38
8258 38
8259 56
8260 56
8261 12
8262 84
8263 84
8264 12
8265 47
8266 84
8267 12
8268 84
8269 47
8270 84
8271 38
8272 84
8273 47
8274 47
8275 47
8276 12
8277 12
8278 84
8279 12
8280 84
8281 12
8282 38
8283 86
8284 12
8285 51
8286 38
8287 38
8288 38
8289 51
8290 51
8291 31
8292 118
8293 47
8294 12
8295 12
8296 31
8297 47
8298 47
8299 31
8300 56
8301 31
8302 31
8303 31
8304 31
8305 31
8306 60
8307 60
8308 38
8309 38
8310 60
8311 47
8312 60
8313 60
8314 60
8315 47
8316 31
8317 31
8318 31
8319 60
8320 31
8321 60
8322 60
8323 56
8324 31
8325 60
8326 31
8327 31
8328 56
8329 31
8330 31
8331 31
8332 31
8333 31
8334 3
8335 31
8336 31
8337 31
8338 33
8339 33
8340 56
8341 31
8342 31
8343 7
8344 7
8345 7
8346 65
8347 7
8348 7
8349 31
8350 31
8351 37
8352 31
8353 31
8354 31
8355 31
8356 31
8357 31
8358 31
8359 7
8360 7
8361 36
8362 31
8363 109
8364 31
8365 31
8366 109
8367 31
8368 60
8369 109
8370 31
8371 31
8372 56
8373 7
8374 7
8375 31
8376 47
8377 31
8378 31
8379 31
8380 31
8381 31
8382 31
8383 34
8384 7
8385 31
8386 31
8387 34
8388 34
8389 7
8390 34
8391 12
8392 7
8393 12
8394 12
8395 12
8396 35
8397 12
8398 12
8399 12
8400 12
8401 12
8402 12
8403 7
8404 7
8405 30
8406 30
8407 30
8408 12
8409 30
8410 30
8411 12
8412 12
8413 12
8414 12
8415 12
8416 47
8417 7
8418 12
8419 30
8420 30
8421 56
8422 30
8423 30
8424 30
8425 30
8426 47
8427 12
8428 47
8429 82
8430 47
8431 47
8432 56
8433 47
8434 47
8435 47
8436 56
8437 56
8438 56
8439 7
8440 7
8441 56
8442 56
8443 56
8444 7
8445 7
8446 31
8447 31
8448 31
8449 7
8450 31
8451 31
8452 31
8453 31
8454 31
8455 56
8456 56
8457 56
8458 56
8459 31
8460 56
8461 31
8462 31
8463 31
8464 31
8465 31
8466 47
8467 7
8468 56
8469 56
8470 56
8471 56
8472 29
8473 128
8474 7
8475 56
8476 56
8477 56
8478 56
8479 29
8480 29
8481 56
8482 56
8483 29
8484 29
8485 29
8486 29
8487 29
8488 128
8489 29
8490 29
8491 29
8492 91
8493 56
8494 29
8495 29
8496 29
8497 29
8498 29
8499 42
8500 42
8501 29
8502 29
8503 29
8504 29
8505 56
8506 56
8507 56
8508 29
8509 29
8510 29
8511 29
8512 29
8513 29
8514 29
8515 38
8516 38
8517 29
8518 38
8519 82
8520 29
8521 29
8522 47
8523 47
8524 47
8525 29
8526 75
8527 75
8528 29
8529 38
8530 75
8531 75
8532 75
8533 29
8534 75
8535 29
8536 75
8537 38
8538 38
8539 38
8540 38
8541 38
8542 38
8543 38
8544 29
8545 29
8546 29
8547 29
8548 29
8549 42
8550 42
8551 42
8552 42
8553 42
8554 42
8555 109
8556 42
8557 42
8558 38
8559 29
8560 42
8561 29
8562 38
8563 38
8564 22
8565 75
8566 29
8567 22
8568 29
8569 75
8570 22
8571 51
8572 47
8573 29
8574 29
8575 29
8576 47
8577 51
8578 51
8579 51
8580 51
8581 38
8582 38
8583 38
8584 22
8585 22
8586 51
8587 51
8588 51
8589 22
8590 51
8591 51
8592 51
8593 22
8594 51
8595 51
8596 51
8597 22
8598 22
8599 24
8600 22
8601 22
8602 24
8603 24
8604 24
8605 22
8606 22
8607 22
8608 22
8609 22
8610 22
8611 56
8612 22
8613 56
8614 56
8615 28
8616 56
8617 22
8618 28
8619 38
8620 38
8621 38
8622 38
8623 22
8624 22
8625 22
8626 27
8627 27
8628 27
8629 56
8630 27
8631 27
8632 27
8633 100
8634 22
8635 22
8636 47
8637 100
8638 47
8639 22
8640 47
8641 22
8642 22
8643 22
8644 22
8645 22
8646 100
8647 22
8648 22
8649 38
8650 25
8651 25
8652 22
8653 26
8654 26
8655 25
8656 25
8657 25
8658 26
8659 25
8660 25
8661 100
8662 26
8663 25
8664 26
8665 26
8666 26
8667 3
8668 26
8669 21
8670 21
8671 47
8672 21
8673 21
8674 21
8675 47
8676 26
8677 21
8678 47
8679 21
8680 47
8681 3
8682 47
8683 47
8684 3
8685 38
8686 38
8687 38
8688 21
8689 21
8690 47
8691 47
8692 21
8693 47
8694 21
8695 21
8696 38
8697 38
8698 38
8699 38
8700 38
8701 47
8702 47
8703 38
8704 38
8705 47
8706 47
8707 47
8708 22
8709 47
8710 47
8711 47
8712 47
8713 47
8714 47
8715 47
8716 38
8717 22
8718 47
8719 22
8720 22
8721 73
8722 73
8723 38
8724 22
8725 47
8726 47
8727 22
8728 47
8729 22
8730 47
8731 47
8732 47
8733 126
8734 22
8735 47
8736 47
8737 22
8738 47
8739 22
8740 47
8741 47
8742 47
8743 119
8744 47
8745 47
8746 47
8747 47
8748 47
8749 47
8750 47
8751 47
8752 47
8753 20
8754 20
8755 20
8756 20
8757 20
8758 47
8759 119
8760 47
8761 20
8762 20
8763 20
8764 20
8765 20
8766 47
8767 20
8768 47
8769 20
8770 20
8771 33
8772 33
8773 33
8774 20
8775 47
8776 47
8777 20
8778 47
8779 38
8780 38
8781 38
8782 38
8783 38
8784 20
8785 73
8786 29
8787 29
8788 29
8789 29
8790 29
8791 73
8792 38
8793 38
8794 38
8795 38
8796 38
8797 20
8798 20
8799 29
8800 29
8801 66
8802 29
8803 66
8804 66
8805 29
8806 29
8807 29
8808 29
8809 91
8810 66
8811 66
8812 29
8813 66
8814 29
8815 29
8816 29
8817 20
8818 29
8819 29
8820 20
8821 68
8822 33
8823 33
8824 33
8825 66
8826 38
8827 100
8828 66
8829 100
8830 33
8831 29
8832 29
8833 29
8834 20
8835 66
8836 29
8837 29
8838 66
8839 33
8840 33
8841 14
8842 38
8843 14
8844 14
8845 14
8846 38
8847 14
8848 14
8849 38
8850 29
8851 29
8852 29
8853 42
8854 42
8855 42
8856 29
8857 29
8858 42
8859 42
8860 100
8861 29
8862 42
8863 38
8864 42
8865 38
8866 42
8867 42
8868 38
8869 69
8870 42
8871 42
8872 42
8873 15
8874 15
8875 15
8876 15
8877 15
8878 15
8879 38
8880 38
8881 38
8882 15
8883 19
8884 13
8885 19
8886 70
8887 47
8888 47
8889 13
8890 47
8891 144
8892 144
8893 19
8894 19
8895 19
8896 42
8897 29
8898 29
8899 29
8900 38
8901 18
8902 91
8903 18
8904 18
8905 47
8906 91
8907 91
8908 18
8909 18
8910 47
8911 42
8912 13
8913 38
8914 38
8915 38
8916 38
8917 13
8918 29
8919 29
8920 29
8921 29
8922 13
8923 29
8924 13
8925 29
8926 29
8927 16
8928 16
8929 29
8930 16
8931 16
8932 16
8933 42
8934 16
8935 82
8936 38
8937 16
8938 82
8939 82
8940 82
8941 38
8942 38
8943 66
8944 17
8945 17
8946 38
8947 17
8948 17
8949 29
8950 38
8951 17
8952 38
8953 17
8954 17
8955 17
8956 38
8957 38
8958 38
8959 38
8960 38
8961 29
8962 29
8963 29
8964 29
8965 91
8966 163
8967 12
8968 38
8969 38
8970 12
8971 38
8972 64
8973 29
8974 12
8975 29
8976 29
8977 29
8978 29
8979 38
8980 29
8981 29
8982 29
8983 38
8984 29
8985 38
8986 38
8987 29
8988 38
8989 29
8990 29
8991 38
8992 38
8993 38
8994 38
8995 38
8996 38
8997 38
8998 38
8999 64
9000 64
9001 29
9002 29
9003 38
9004 38
9005 38
9006 38
9007 38
9008 64
9009 38
9010 38
9011 64
9012 64
9013 117
9014 38
9015 38
9016 29
9017 38
9018 29
9019 38
9020 38
9021 38
9022 38
9023 110
9024 38
9025 38
9026 38
9027 11
9028 38
9029 38
9030 38
9031 38
9032 38
9033 38
9034 11
9035 38
9036 38
9037 38
9038 38
9039 38
9040 38
9041 110
9042 110
9043 110
9044 38
9045 38
9046 110
9047 38
9048 38
9049 38
9050 24
9051 24
9052 38
9053 38
9054 38
9055 38
9056 38
9057 38
9058 29
9059 38
9060 29
9061 29
9062 29
9063 29
9064 29
9065 29
9066 64
9067 20
9068 20
9069 20
9070 20
9071 20
9072 29
9073 82
9074 29
9075 20
9076 20
9077 29
9078 24
9079 29
9080 29
9081 20
9082 20
9083 57
9084 20
9085 57
9086 20
9087 20
9088 82
9089 82
9090 57
9091 82
9092 57
9093 57
9094 57
9095 57
9096 57
9097 20
9098 20
9099 57
9100 57
9101 86
9102 59
9103 59
9104 59
9105 24
9106 57
9107 57
9108 29
9109 57
9110 57
9111 24
9112 57
9113 91
9114 91
9115 91
9116 29
9117 57
9118 29
9119 29
9120 57
9121 57
9122 24
9123 57
9124 57
9125 29
9126 57
9127 29
9128 29
9129 62
9130 29
9131 29
9132 29
9133 29
9134 20
9135 29
9136 33
9137 33
9138 33
9139 20
9140 33
9141 29
9142 29
9143 91
9144 20
9145 20
9146 33
9147 29
9148 29
9149 29
9150 57
9151 29
9152 29
9153 33
9154 33
9155 33
9156 33
9157 33
9158 33
9159 33
9160 33
9161 33
9162 20
9163 20
9164 29
9165 29
9166 33
9167 10
9168 33
9169 38
9170 38
9171 38
9172 38
9173 33
9174 38
9175 135
9176 20
9177 20
9178 33
9179 33
9180 33
9181 20
9182 29
9183 20
9184 20
9185 29
9186 82
9187 82
9188 29
9189 38
9190 20
9191 38
9192 38
9193 38
9194 38
9195 38
9196 33
9197 29
9198 29
9199 38
9200 38
9201 38
9202 56
9203 20
9204 20
9205 20
9206 20
9207 20
9208 29
9209 29
9210 20
9211 20
9212 20
9213 20
9214 20
9215 73
9216 33
9217 73
9218 33
9219 73
9220 73
9221 29
9222 57
9223 29
9224 73
9225 73
9226 29
9227 29
9228 29
9229 57
9230 29
9231 29
9232 29
9233 29
9234 20
9235 29
9236 29
9237 20
9238 29
9239 29
9240 57
9241 20
9242 29
9243 57
9244 29
9245 29
9246 29
9247 82
9248 82
9249 82
9250 82
9251 82
9252 154
9253 82
9254 82
9255 29
9256 29
9257 29
9258 55
9259 29
9260 20
9261 29
9262 29
9263 55
9264 20
9265 55
9266 29
9267 20
9268 29
9269 29
9270 29
9271 29
9272 29
9273 29
9274 29
9275 29
9276 29
9277 29
9278 29
9279 29
9280 68
9281 29
9282 29
9283 55
9284 29
9285 20
9286 55
9287 55
9288 55
9289 20
9290 20
9291 55
9292 20
9293 55
9294 29
9295 29
9296 29
9297 29
9298 29
9299 55
9300 29
9301 55
9302 108
9303 20
9304 20
9305 20
9306 29
9307 29
9308 29
9309 29
9310 29
9311 29
9312 29
9313 29
9314 29
9315 101
9316 29
9317 29
9318 29
9319 29
9320 29
9321 29
9322 29
9323 29
9324 29
9325 29
9326 29
9327 29
9328 101
9329 29
9330 101
9331 101
9332 101
9333 101
9334 29
9335 29
9336 15
9337 15
9338 15
9339 15
9340 15
9341 55
9342 15
9343 15
9344 29
9345 29
9346 29
9347 20
9348 20
9349 20
9350 20
9351 20
9352 48
9353 20
9354 20
9355 15
9356 20
9357 20
9358 15
9359 20
9360 55
9361 55
9362 20
9363 73
9364 20
9365 15
9366 20
9367 20
9368 15
9369 77
9370 48
9371 48
9372 48
9373 48
9374 48
9375 48
9376 77
9377 20
9378 20
9379 73
9380 73
9381 73
9382 48
9383 48
9384 48
9385 48
9386 48
9387 48
9388 48
9389 48
9390 20
9391 77
9392 48
9393 50
9394 15
9395 15
9396 15
9397 15
9398 15
9399 24
9400 15
9401 24
9402 24
9403 15
9404 15
9405 82
9406 15
9407 15
9408 24
9409 54
9410 20
9411 15
9412 15
9413 20
9414 15
9415 15
9416 20
9417 20
9418 48
9419 20
9420 20
9421 53
9422 20
9423 20
9424 20
9425 20
9426 20
9427 24
9428 126
9429 20
9430 24
9431 20
9432 24
9433 20
9434 20
9435 24
9436 48
9437 24
9438 24
9439 24
9440 24
9441 24
9442 64
9443 20
9444 20
9445 20
9446 51
9447 51
9448 51
9449 24
9450 24
9451 24
9452 24
9453 24
9454 24
9455 24
9456 20
9457 20
9458 24
9459 29
9460 29
9461 24
9462 24
9463 29
9464 29
9465 101
9466 24
9467 24
9468 126
9469 24
9470 24
9471 24
9472 24
9473 47
9474 24
9475 20
9476 20
9477 20
9478 20
9479 73
9480 73
9481 20
9482 20
9483 29
9484 20
9485 20
9486 29
9487 20
9488 24
9489 24
9490 24
9491 20
9492 20
9493 20
9494 47
9495 47
9496 47
9497 29
9498 29
9499 29
9500 20
9501 20
9502 73
9503 20
9504 20
9505 64
9506 64
9507 64
9508 24
9509 64
9510 24
9511 64
9512 24
9513 24
9514 20
9515 24
9516 24
9517 20
9518 73
9519 24
9520 24
9521 24
9522 24
9523 48
9524 48
9525 64
9526 20
9527 20
9528 73
9529 20
9530 73
9531 20
9532 20
9533 73
9534 20
9535 48
9536 48
9537 20
9538 20
9539 20
9540 20
9541 20
9542 117
9543 20
9544 73
9545 73
9546 73
9547 145
9548 145
9549 73
9550 46
9551 46
9552 46
9553 46
9554 46
9555 20
9556 20
9557 20
9558 46
9559 46
9560 46
9561 46
9562 20
9563 46
9564 20
9565 73
9566 20
9567 20
9568 20
9569 46
9570 20
9571 20
9572 20
9573 20
9574 20
9575 20
9576 59
9577 20
9578 20
9579 20
9580 20
9581 20
9582 20
9583 46
9584 11
9585 20
9586 46
9587 46
9588 46
9589 46
9590 46
9591 64
9592 46
9593 46
9594 20
9595 20
9596 46
9597 20
9598 20
9599 99
9600 20
9601 20
9602 46
9603 64
9604 64
9605 20
9606 20
9607 20
9608 92
9609 92
9610 92
9611 55
9612 20
9613 20
9614 92
9615 92
9616 20
9617 20
9618 46
9619 20
9620 55
9621 55
9622 55
9623 20
9624 20
9625 20
9626 92
9627 92
9628 92
9629 20
9630 20
9631 20
9632 46
9633 20
9634 6
9635 20
9636 46
9637 46
9638 46
9639 6
9640 46
9641 39
9642 6
9643 55
9644 20
9645 20
9646 59
9647 55
9648 55
9649 55
9650 39
9651 11
9652 11
9653 6
9654 6
9655 11
9656 11
9657 11
9658 11
9659 46
9660 68
9661 11
9662 68
9663 68
9664 6
9665 6
9666 68
9667 6
9668 68
9669 68
9670 68
9671 39
9672 39
9673 39
9674 39
9675 39
9676 68
9677 39
9678 64
9679 39
9680 39
9681 39
9682 39
9683 39
9684 39
9685 39
9686 39
9687 39
9688 39
9689 11
9690 11
9691 11
9692 11
9693 41
9694 15
9695 15
9696 39
9697 41
9698 41
9699 15
9700 39
9701 15
9702 15
9703 15
9704 15
9705 73
9706 15
9707 15
9708 15
9709 11
9710 39
9711 11
9712 11
9713 11
9714 11
9715 39
9716 39
9717 11
9718 117
9719 39
9720 15
9721 15
9722 44
9723 39
9724 11
9725 117
9726 11
9727 11
9728 39
9729 117
9730 68
9731 15
9732 117
9733 39
9734 15
9735 39
9736 15
9737 15
9738 39
9739 15
9740 55
9741 11
9742 64
9743 39
9744 11
9745 11
9746 11
9747 42
9748 42
9749 15
9750 15
9751 39
9752 15
9753 15
9754 15
9755 15
9756 15
9757 15
9758 15
9759 20
9760 20
9761 20
9762 20
9763 20
9764 15
9765 20
9766 64
9767 15
9768 20
9769 11
9770 15
9771 15
9772 15
9773 15
9774 15
9775 20
9776 38
9777 55
9778 55
9779 11
9780 20
9781 55
9782 64
9783 20
9784 55
9785 15
9786 55
9787 20
9788 20
9789 55
9790 55
9791 15
9792 15
9793 15
9794 15
9795 15
9796 38
9797 38
9798 38
9799 20
9800 20
9801 20
9802 20
9803 20
9804 20
9805 55
9806 20
9807 20
9808 55
9809 64
9810 64
9811 64
9812 64
9813 55
9814 15
9815 55
9816 55
9817 15
9818 64
9819 15
9820 15
9821 15
9822 39
9823 15
9824 15
9825 15
9826 39
9827 64
9828 39
9829 64
9830 39
9831 64
9832 64
9833 64
9834 11
9835 64
9836 64
9837 64
9838 64
9839 11
9840 39
9841 39
9842 39
9843 39
9844 11
9845 11
9846 39
9847 11
9848 11
9849 64
9850 11
9851 64
9852 136
9853 37
9854 37
9855 64
9856 37
9857 37
9858 37
9859 64
9860 64
9861 37
9862 11
9863 37
9864 37
9865 37
9866 37
9867 11
9868 37
9869 37
9870 37
9871 37
9872 37
9873 11
9874 11
9875 37
9876 37
9877 11
9878 11
9879 37
9880 11
9881 11
9882 37
9883 50
9884 11
9885 11
9886 37
9887 11
9888 37
9889 11
9890 37
9891 37
9892 37
9893 37
9894 37
9895 37
9896 37
9897 37
9898 37
9899 37
9900 37
9901 37
9902 46
9903 37
9904 37
9905 90
9906 37
9907 37
9908 37
9909 37
9910 37
9911 55
9912 55
9913 11
9914 83
9915 83
9916 83
9917 11
9918 46
9919 83
9920 83
9921 83
9922 83
9923 46
9924 83
9925 37
9926 83
9927 46
9928 46
9929 46
9930 46
9931 11
9932 83
9933 83
9934 11
9935 11
9936 83
9937 11
9938 37
9939 37
9940 85
9941 50
9942 50
9943 37
9944 37
9945 37
9946 50
9947 50
9948 50
9949 30
9950 117
9951 30
9952 46
9953 11
9954 11
9955 30
9956 46
9957 46
9958 30
9959 30
9960 55
9961 30
9962 30
9963 30
9964 30
9965 30
9966 30
9967 59
9968 30
9969 37
9970 37
9971 37
9972 59
9973 46
9974 59
9975 59
9976 59
9977 59
9978 46
9979 30
9980 30
9981 30
9982 30
9983 59
9984 30
9985 59
9986 59
9987 30
9988 55
9989 30
9990 59
9991 30
9992 30
9993 55
9994 30
9995 30
9996 30
9997 30
9998 30
9999 32
10000 30
